#1	
double tab1(8760,2)	
0	1.8
1	2.4
2	2.7
3	3.1
4	3.4
5	3.6
6	3.8
7	3.7
8	3.7
9	3.6
10	3.7
11	3.8
12	4
13	4
14	3.8
15	3.9
16	4.4
17	4.8
18	5.2
19	5
20	4.1
21	3.6
22	2.8
23	2
24	1.9
25	1.8
26	1.8
27	2
28	2.4
29	2.9
30	3.5
31	3.5
32	3.5
33	3.6
34	3.6
35	3.7
36	4.4
37	4.3
38	4.3
39	4.3
40	4.2
41	4.3
42	4
43	3.9
44	3.8
45	3.4
46	3.3
47	3.2
48	3.1
49	2.8
50	2.7
51	2.7
52	2.7
53	2.6
54	3
55	2.8
56	3
57	3.1
58	2.9
59	3.5
60	3.7
61	3.6
62	3.3
63	3.1
64	3.7
65	3.7
66	3.6
67	3.8
68	3.8
69	3.8
70	3.2
71	3.3
72	2.9
73	3.3
74	3.4
75	2.7
76	3.2
77	3.3
78	2.7
79	3.3
80	3.3
81	3
82	2.5
83	2.5
84	2.6
85	2.8
86	2.7
87	2.9
88	3
89	2.5
90	2.7
91	2.8
92	2.8
93	2.8
94	2.6
95	2.4
96	2.4
97	2.5
98	2.5
99	2.5
100	2.6
101	2.6
102	2.7
103	2.5
104	2.3
105	2.2
106	1.9
107	1.6
108	1.5
109	1.2
110	1
111	1.2
112	0.6
113	0.3
114	0
115	-0.3
116	-0.5
117	-0.9
118	-1
119	-1.3
120	-1.3
121	-1.5
122	-2
123	-2.6
124	-3.4
125	-3.5
126	-3.3
127	-3.4
128	-3.6
129	-3.7
130	-3.7
131	-3.6
132	-3.7
133	-3.6
134	-3.4
135	-3.1
136	-3.3
137	-3.7
138	-4.2
139	-4.6
140	-4.7
141	-5
142	-5
143	-5.1
144	-4.8
145	-4.8
146	-5
147	-4.6
148	-4.8
149	-4.7
150	-4.5
151	-4.5
152	-4.8
153	-4.7
154	-4.3
155	-3.2
156	-2.4
157	-1.4
158	-1.3
159	-0.7
160	0.1
161	0.5
162	0.8
163	1
164	0.9
165	0.5
166	0.2
167	-0.1
168	0
169	-0.4
170	-0.3
171	-0.3
172	-0.3
173	-0.4
174	-0.5
175	-0.9
176	-1.8
177	-1.1
178	-0.7
179	0
180	0.5
181	1.4
182	0.9
183	0.7
184	0.7
185	0.6
186	0.5
187	0.3
188	0
189	-0.3
190	-0.7
191	-0.5
192	0.1
193	0.4
194	0.7
195	0.7
196	0.6
197	0.3
198	0.1
199	0
200	0
201	0.2
202	0.5
203	0.7
204	0.6
205	0.5
206	0
207	-0.3
208	-0.7
209	-1
210	-1.5
211	-2.1
212	-2.4
213	-2.8
214	-3.3
215	-3.8
216	-4.3
217	-4.3
218	-4.7
219	-5.4
220	-5.2
221	-5
222	-5.1
223	-5
224	-5.3
225	-5.2
226	-4
227	-3.8
228	-4
229	-3.6
230	-3.3
231	-2.7
232	-1.9
233	-1.3
234	-0.9
235	-0.6
236	-0.5
237	-0.3
238	-0.2
239	-0.4
240	-0.5
241	-0.4
242	-0.6
243	-0.5
244	-0.5
245	-0.2
246	0.1
247	0.3
248	0.2
249	0.4
250	0.5
251	0.9
252	0.9
253	0.9
254	0.9
255	1
256	1.1
257	0.6
258	0.6
259	0.6
260	0.6
261	1
262	1.5
263	1.5
264	1.5
265	1
266	1
267	0.8
268	0.6
269	0.6
270	0.7
271	0.8
272	0.7
273	0.7
274	0.8
275	0.6
276	0.6
277	0.7
278	0.6
279	0.6
280	0.2
281	0.3
282	0.4
283	0.6
284	0.5
285	0.5
286	0.3
287	0
288	0
289	0
290	0
291	0.1
292	0
293	0.1
294	0.1
295	0.15
296	0.2
297	0.4
298	0.5
299	0.5
300	0.5
301	0.5
302	0.3
303	0.3
304	0.3
305	0.4
306	0.4
307	0.6
308	0.7
309	0.8
310	0.9
311	0.9
312	0.9
313	0.7
314	0.6
315	0.8
316	0.9
317	0.9
318	1.1
319	1.3
320	1.3
321	1.2
322	1.2
323	1.4
324	1.4
325	1.3
326	1.1
327	0.7
328	0.4
329	0.3
330	0.1
331	0.1
332	0
333	-0.3
334	-0.6
335	-0.6
336	-0.6
337	-0.5
338	-0.6
339	-0.7
340	-0.5
341	-0.3
342	-0.1
343	-0.2
344	-0.3
345	-0.4
346	-0.4
347	-0.5
348	-0.6
349	-0.6
350	-0.7
351	-0.7
352	-0.7
353	-0.8
354	-0.7
355	-0.4
356	-0.1
357	0
358	0.1
359	0.2
360	0.2
361	0.3
362	0.4
363	0.7
364	0.9
365	0.9
366	1
367	1.3
368	1.3
369	1.2
370	1.3
371	1.2
372	0.4
373	-0.6
374	-0.6
375	-0.4
376	-0.1
377	0.4
378	-0.1
379	0.1
380	-0.1
381	-0.2
382	-0.7
383	-1.1
384	-1.4
385	-1.5
386	-1.3
387	-1.2
388	-1.1
389	-1.2
390	-1.5
391	-1.7
392	-1.9
393	-2
394	-2.2
395	-2.3
396	-2.2
397	-2.3
398	-2.2
399	-2.2
400	-2
401	-2
402	-2
403	-2
404	-1.8
405	-1.7
406	-1.8
407	-1.7
408	-1.8
409	-2.3
410	-2.7
411	-2.8
412	-2.4
413	-2.1
414	-2.2
415	-1.8
416	-1.6
417	-1.2
418	-0.7
419	-0.4
420	-0.6
421	-0.4
422	-0.4
423	-0.4
424	-0.7
425	-0.5
426	-0.6
427	-1
428	-1.2
429	-1
430	-1.2
431	-2.2
432	-2.4
433	-2.1
434	-2
435	-2.6
436	-3.1
437	-3.3
438	-3.8
439	-3.2
440	-2.9
441	-2.4
442	-1.9
443	-1.4
444	-1.2
445	-1.3
446	-1.5
447	-2.1
448	-2.2
449	-2.4
450	-2.1
451	-1.9
452	-1.7
453	-1.5
454	-1.4
455	-1.4
456	-1.7
457	-1.8
458	-1.6
459	-1.5
460	-1.3
461	-1.3
462	-1.3
463	-1.2
464	-1.1
465	-0.1
466	0.7
467	1
468	1.1
469	1
470	0.7
471	0.2
472	-0.2
473	-0.7
474	-1.5
475	-1.7
476	-2.6
477	-2.6
478	-3.7
479	-4.2
480	-4.9
481	-4.2
482	-5
483	-5
484	-5.2
485	-4.7
486	-5.8
487	-7.7
488	-7.7
489	-7
490	-6.9
491	-5
492	-4.9
493	-4.2
494	-3.9
495	-4.7
496	-5.2
497	-5
498	-5.5
499	-4.3
500	-3.9
501	-3.3
502	-3.5
503	-3.9
504	-3.9
505	-4.2
506	-4.6
507	-5
508	-5.6
509	-6.2
510	-5.5
511	-6.1
512	-6.9
513	-6
514	-5.7
515	-5.5
516	-5.2
517	-5.3
518	-5.1
519	-4.8
520	-4.9
521	-4.8
522	-4.9
523	-4.7
524	-4.5
525	-4.2
526	-3.9
527	-3.7
528	-3.6
529	-3.6
530	-3.3
531	-3.2
532	-3.5
533	-3.5
534	-3.4
535	-3.2
536	-2.8
537	-2.2
538	-1.1
539	-0.6
540	-0.5
541	-0.8
542	-1.4
543	-1.7
544	-1.5
545	-1.1
546	-0.6
547	-0.4
548	-0.2
549	-0.1
550	-0.2
551	-0.1
552	0.7
553	1
554	1.1
555	0.9
556	0.6
557	0.9
558	1.3
559	2
560	2.9
561	3.4
562	3.8
563	4.3
564	4.8
565	4.9
566	4.7
567	4.3
568	4
569	4.7
570	5.7
571	6.3
572	6.8
573	6.7
574	6.8
575	6.7
576	6.3
577	6.2
578	6
579	5.9
580	5.7
581	5.6
582	5.6
583	6
584	6.2
585	6.5
586	6.6
587	7.1
588	6.8
589	6.8
590	6.6
591	6.1
592	6
593	5.9
594	5.8
595	5.9
596	5.7
597	5.5
598	5
599	4.9
600	4.5
601	4.5
602	4.2
603	4.1
604	3.6
605	3.3
606	2.7
607	2.9
608	3.1
609	3.6
610	4.3
611	4.6
612	4.6
613	4.6
614	4.7
615	4.7
616	4.4
617	4.3
618	4.3
619	4.1
620	3.7
621	3.9
622	3.7
623	3.4
624	3.5
625	3.3
626	2.4
627	1.9
628	1.6
629	1.5
630	1.5
631	1.4
632	1.3
633	0.8
634	0.8
635	1.1
636	1.2
637	1.1
638	0.9
639	0.5
640	0
641	-0.4
642	-0.8
643	-1
644	-1.1
645	-1.1
646	-0.6
647	-0.3
648	0.8
649	0.8
650	1.5
651	2.3
652	2
653	2.2
654	1.6
655	1.5
656	2
657	2.2
658	2.3
659	2.3
660	2.6
661	2.9
662	2.9
663	3.1
664	3.1
665	2.5
666	2
667	1.8
668	1.5
669	0.9
670	1.1
671	1
672	1.1
673	1
674	0.9
675	1.1
676	1
677	0.9
678	0.8
679	1.1
680	1.1
681	1.4
682	1.6
683	1.8
684	1.5
685	1.5
686	1.5
687	1.3
688	0.6
689	0.6
690	0.5
691	0.3
692	0.3
693	0.2
694	0.2
695	0.1
696	0.1
697	0
698	-0.1
699	-0.1
700	-0.3
701	-0.6
702	-1
703	-0.8
704	-0.8
705	-0.8
706	-1.1
707	-1.4
708	-1.3
709	-1.3
710	-1.4
711	-1.5
712	-1.3
713	-1.1
714	-1
715	-1
716	-0.8
717	-0.8
718	-0.8
719	-0.8
720	-0.9
721	-1
722	-1.1
723	-1.6
724	-2
725	-1.9
726	-0.8
727	0.6
728	1.4
729	1.6
730	1.8
731	2.3
732	2.7
733	2.6
734	2
735	1.7
736	1.8
737	1.6
738	1.9
739	2.1
740	1.5
741	1.7
742	1
743	0.9
744	1.5
745	2.5
746	3
747	3.4
748	3.5
749	2.6
750	0.8
751	0.6
752	0.8
753	1.6
754	2.7
755	2.6
756	2.7
757	2.6
758	2.4
759	2.1
760	1.9
761	1.4
762	1.2
763	1.1
764	1.2
765	1.2
766	1.1
767	0.6
768	0
769	-0.3
770	-0.7
771	-1.3
772	-1.4
773	-1.5
774	-1.7
775	-1.9
776	-1.9
777	-1.9
778	-1.3
779	-1
780	-0.6
781	-0.5
782	-0.4
783	-0.5
784	-0.9
785	-1.2
786	-1.4
787	-1.4
788	-1.5
789	-1.8
790	-1.9
791	-2.2
792	-2.5
793	-2.9
794	-3
795	-2.8
796	-2.5
797	-2.4
798	-2.5
799	-2.5
800	-2.6
801	-2.6
802	-2.5
803	-2.3
804	-1.9
805	-2
806	-2
807	-2.1
808	-2.3
809	-2.3
810	-2.1
811	-1.9
812	-1.8
813	-2
814	-2.2
815	-2.8
816	-3.2
817	-3.5
818	-3.9
819	-4.4
820	-4.9
821	-5.1
822	-4.9
823	-5.1
824	-5.8
825	-4.8
826	-3.7
827	-3.4
828	-2.6
829	-3.3
830	-3.1
831	-3.5
832	-4.1
833	-4.3
834	-5
835	-5.5
836	-5.7
837	-5.4
838	-6.2
839	-6.7
840	-6.9
841	-6.2
842	-5.9
843	-5.8
844	-5.4
845	-5.6
846	-5.6
847	-5.8
848	-5.5
849	-5.1
850	-4.6
851	-4.1
852	-3.8
853	-3.8
854	-4.1
855	-4.6
856	-5.1
857	-5.5
858	-6.5
859	-7.5
860	-7.9
861	-8.4
862	-9.3
863	-8.9
864	-8.5
865	-8.7
866	-9.1
867	-8.7
868	-8.4
869	-8.3
870	-7.7
871	-6.7
872	-6.3
873	-6
874	-5.6
875	-4.6
876	-4.3
877	-4.4
878	-4.3
879	-4.5
880	-4.6
881	-4.7
882	-5.5
883	-6
884	-6.2
885	-5.8
886	-5.8
887	-6
888	-6.3
889	-6.5
890	-6.7
891	-7
892	-7.5
893	-7.9
894	-8.3
895	-7.9
896	-7.2
897	-6.5
898	-6
899	-5.4
900	-4.5
901	-4
902	-3.7
903	-3.1
904	-2.9
905	-2.7
906	-2.9
907	-2.6
908	-2.4
909	-2.4
910	-2.3
911	-2.8
912	-3.2
913	-3.4
914	-3.3
915	-3.3
916	-4.3
917	-4.1
918	-4.7
919	-4.2
920	-3.9
921	-2.6
922	-2
923	-0.8
924	0.1
925	0.3
926	0.5
927	0.4
928	0
929	0.1
930	-0.4
931	-0.4
932	-0.1
933	0.3
934	0.4
935	0.4
936	0.4
937	0.2
938	0.1
939	0
940	-0.6
941	-1.4
942	-1.7
943	-1.9
944	-1.6
945	-0.6
946	0.4
947	1.9
948	2.4
949	2.5
950	2.5
951	1.5
952	0.7
953	0.4
954	-0.5
955	-1.1
956	-1.4
957	-1.3
958	-1.7
959	-2
960	-1.7
961	-2
962	-1.8
963	-2.1
964	-2.2
965	-2.2
966	-2.3
967	-2.7
968	-1.4
969	-0.8
970	0
971	0
972	0.3
973	0.5
974	0.2
975	-0.4
976	-1.1
977	-1.3
978	-1.5
979	-1.7
980	-1.7
981	-1.7
982	-2
983	-2.5
984	-2.5
985	-2.6
986	-2.6
987	-2.7
988	-2.5
989	-2.1
990	-1.6
991	-1.4
992	-1.1
993	-1
994	-1
995	-1.1
996	-0.7
997	-0.9
998	-1
999	-1.1
1000	-1.2
1001	-1.1
1002	-1.2
1003	-1.4
1004	-1.3
1005	-2
1006	-1.4
1007	-1.1
1008	-0.5
1009	-0.9
1010	-0.3
1011	0.2
1012	0.2
1013	0.2
1014	0.6
1015	0.9
1016	1.1
1017	1.6
1018	2.1
1019	2.7
1020	2.6
1021	3
1022	2.9
1023	2.9
1024	2.8
1025	2.8
1026	2.8
1027	2
1028	1.8
1029	1.7
1030	1.9
1031	1.8
1032	0.9
1033	1
1034	1.2
1035	1.2
1036	1.2
1037	1.1
1038	1.1
1039	1.1
1040	1.1
1041	0.9
1042	1
1043	1
1044	1.4
1045	1.1
1046	0.1
1047	0.2
1048	0.4
1049	0.6
1050	1
1051	0.8
1052	0.3
1053	0.2
1054	-0.1
1055	0
1056	0.1
1057	-0.5
1058	-0.6
1059	-0.8
1060	-0.9
1061	-0.6
1062	0.1
1063	0.2
1064	0.8
1065	1.5
1066	2
1067	2.5
1068	2.7
1069	2.5
1070	2.5
1071	2.4
1072	1.9
1073	1.3
1074	1
1075	0.7
1076	0.7
1077	0.4
1078	0
1079	0.1
1080	0
1081	-0.1
1082	0
1083	0.1
1084	-0.2
1085	-0.4
1086	0
1087	0.7
1088	1.1
1089	1.6
1090	2.5
1091	2.3
1092	2.6
1093	2
1094	1.6
1095	0.3
1096	0.7
1097	0.5
1098	0
1099	-0.2
1100	-0.3
1101	-0.3
1102	0.2
1103	-0.1
1104	0.2
1105	0.3
1106	0.5
1107	0.4
1108	0.3
1109	0.6
1110	0.7
1111	0.5
1112	0.3
1113	0.3
1114	0.2
1115	0.7
1116	0.8
1117	0.8
1118	0.8
1119	0.7
1120	0.3
1121	0.3
1122	0.1
1123	-0.3
1124	-0.4
1125	-0.4
1126	-0.6
1127	-0.6
1128	-0.7
1129	-0.9
1130	-0.8
1131	-0.9
1132	-0.8
1133	-1
1134	-1.2
1135	-1.6
1136	-0.9
1137	-0.1
1138	-0.6
1139	0
1140	0.5
1141	0.2
1142	0.4
1143	0.1
1144	0
1145	-0.1
1146	-0.5
1147	-0.9
1148	-1.3
1149	-1
1150	-1.3
1151	-1.2
1152	-1.1
1153	-1
1154	-0.9
1155	-1
1156	-1.2
1157	-1.2
1158	-1.2
1159	-1.2
1160	-1.2
1161	-1.2
1162	-0.4
1163	-0.4
1164	-0.4
1165	-0.1
1166	-0.1
1167	-0.7
1168	-0.7
1169	-0.6
1170	-0.5
1171	-0.5
1172	-0.6
1173	-0.9
1174	-0.8
1175	-0.9
1176	-0.8
1177	-0.8
1178	-0.9
1179	-1.1
1180	-1.1
1181	-1.3
1182	-1.6
1183	-1.8
1184	-2.2
1185	-2.6
1186	-2.9
1187	-3.1
1188	-3.1
1189	-3.3
1190	-3.3
1191	-3.9
1192	-4.6
1193	-4.4
1194	-4.4
1195	-4.4
1196	-4.6
1197	-4.7
1198	-4.7
1199	-4.5
1200	-4.6
1201	-4.6
1202	-4.7
1203	-4.9
1204	-5
1205	-4.9
1206	-5
1207	-5
1208	-5.1
1209	-5
1210	-3.9
1211	-4
1212	-4.1
1213	-4.4
1214	-4.3
1215	-4.6
1216	-4.9
1217	-5.3
1218	-5.3
1219	-6.1
1220	-6.6
1221	-6.5
1222	-6.6
1223	-6.6
1224	-6.9
1225	-6.9
1226	-6.8
1227	-6.7
1228	-6.6
1229	-6.7
1230	-6.6
1231	-6.5
1232	-6.1
1233	-5
1234	-4.5
1235	-3.8
1236	-3.7
1237	-3.5
1238	-3.3
1239	-3.3
1240	-4.2
1241	-4.8
1242	-4.8
1243	-5.3
1244	-5.9
1245	-5.9
1246	-6.3
1247	-6.7
1248	-7.2
1249	-7
1250	-6.3
1251	-5.6
1252	-4.8
1253	-4.8
1254	-4.8
1255	-4.3
1256	-5.4
1257	-4.7
1258	-3.9
1259	-3.3
1260	-2.8
1261	-2.1
1262	-2.6
1263	-3
1264	-3.5
1265	-3.6
1266	-3.6
1267	-3.4
1268	-3.3
1269	-3.3
1270	-3.3
1271	-3.3
1272	-3.3
1273	-3.3
1274	-3.4
1275	-3.5
1276	-3.7
1277	-3.9
1278	-4.1
1279	-4.2
1280	-4.1
1281	-3.5
1282	-3.2
1283	-2.5
1284	-2.4
1285	-2.8
1286	-2.9
1287	-3.7
1288	-4.4
1289	-5.5
1290	-6.1
1291	-6.9
1292	-7.3
1293	-7.6
1294	-8.2
1295	-8.3
1296	-8.6
1297	-9.1
1298	-9.2
1299	-9.4
1300	-10.2
1301	-10
1302	-9.7
1303	-9.7
1304	-8.2
1305	-7.2
1306	-6.3
1307	-5.8
1308	-5.8
1309	-5.2
1310	-5.6
1311	-5.8
1312	-5.9
1313	-6.5
1314	-6.9
1315	-7.5
1316	-7.9
1317	-8.3
1318	-8.8
1319	-9.4
1320	-10
1321	-10.5
1322	-11.3
1323	-11.6
1324	-11.5
1325	-11
1326	-11.4
1327	-11.4
1328	-10.7
1329	-9.9
1330	-8.1
1331	-6.3
1332	-6.1
1333	-6.2
1334	-5.3
1335	-4.4
1336	-4.6
1337	-4.2
1338	-4.1
1339	-4.8
1340	-4.8
1341	-5
1342	-5.5
1343	-5.8
1344	-6.4
1345	-6.3
1346	-6.8
1347	-7.1
1348	-7.5
1349	-7.5
1350	-7.2
1351	-6.7
1352	-6.3
1353	-5.9
1354	-4.7
1355	-3.9
1356	-3.4
1357	-3.1
1358	-4.2
1359	-4.3
1360	-5
1361	-5.6
1362	-6.2
1363	-7.3
1364	-8
1365	-8.7
1366	-9.4
1367	-9.4
1368	-9.5
1369	-10.6
1370	-11.5
1371	-11.2
1372	-10.9
1373	-12.2
1374	-12.8
1375	-12.9
1376	-12.7
1377	-12.4
1378	-11.8
1379	-11.6
1380	-11.4
1381	-11.2
1382	-11.6
1383	-12.1
1384	-12.5
1385	-13.1
1386	-13.6
1387	-13.6
1388	-13.4
1389	-13.2
1390	-13.4
1391	-13.6
1392	-13.7
1393	-13.3
1394	-13.4
1395	-13.5
1396	-13.1
1397	-12.6
1398	-12.3
1399	-11.7
1400	-11
1401	-10.1
1402	-9.7
1403	-9.3
1404	-9.9
1405	-10.1
1406	-10.2
1407	-10.5
1408	-11
1409	-12
1410	-12.6
1411	-13
1412	-13.2
1413	-13
1414	-13.3
1415	-13.6
1416	-13.7
1417	-13.8
1418	-13
1419	-12.7
1420	-12.4
1421	-12.1
1422	-11.5
1423	-11
1424	-10.3
1425	-9.5
1426	-8.1
1427	-6.6
1428	-5.6
1429	-5.6
1430	-6.1
1431	-7.1
1432	-7.6
1433	-8.1
1434	-8.6
1435	-9
1436	-9.2
1437	-9.3
1438	-9.3
1439	-9.3
1440	-9.4
1441	-9.6
1442	-9.5
1443	-9.6
1444	-9.6
1445	-10
1446	-10
1447	-9.4
1448	-8.5
1449	-6.9
1450	-5.9
1451	-3.5
1452	-4
1453	-4.5
1454	-4.5
1455	-4.7
1456	-5.3
1457	-6.1
1458	-6.6
1459	-7.5
1460	-7.7
1461	-8.2
1462	-8.9
1463	-9.3
1464	-9.8
1465	-10.3
1466	-10.9
1467	-11.2
1468	-11.5
1469	-11.7
1470	-12
1471	-11.1
1472	-9
1473	-6.6
1474	-5.2
1475	-3.7
1476	-3.8
1477	-3.8
1478	-4.4
1479	-4.9
1480	-5.1
1481	-5.6
1482	-6.2
1483	-6.1
1484	-5.8
1485	-6
1486	-6.6
1487	-7.3
1488	-7.8
1489	-7.8
1490	-8.1
1491	-7.6
1492	-7.5
1493	-7.1
1494	-6.4
1495	-6.2
1496	-5.6
1497	-5
1498	-4.3
1499	-3.5
1500	-3.4
1501	-3.6
1502	-3.6
1503	-3.6
1504	-3.9
1505	-4.2
1506	-4.1
1507	-4.4
1508	-4.8
1509	-5.2
1510	-5.6
1511	-5.8
1512	-5.9
1513	-6.2
1514	-6.5
1515	-6.5
1516	-6.6
1517	-6.7
1518	-6.6
1519	-6
1520	-5.4
1521	-4.5
1522	-3.2
1523	-2.7
1524	-2.3
1525	-2.6
1526	-2.3
1527	-2
1528	-1.9
1529	-2.2
1530	-1.7
1531	-1.8
1532	-1.9
1533	-1.8
1534	-1.8
1535	-2.3
1536	-2.5
1537	-2.5
1538	-2.7
1539	-2.8
1540	-2.8
1541	-2.8
1542	-2.7
1543	-2
1544	-1.5
1545	-1.5
1546	-1
1547	-0.5
1548	-0.4
1549	-0.2
1550	-0.5
1551	-0.6
1552	-0.9
1553	-1.3
1554	-1.5
1555	-1.7
1556	-1.8
1557	-1.9
1558	-2
1559	-2
1560	-2
1561	-2
1562	-2.1
1563	-2
1564	-2
1565	-2
1566	-1.9
1567	-1.6
1568	-0.8
1569	-0.2
1570	0.2
1571	0.4
1572	0.9
1573	0.5
1574	-0.3
1575	-1.3
1576	-2.2
1577	-2.2
1578	-2.2
1579	-2.2
1580	-1.6
1581	-1.1
1582	-1.2
1583	-1.5
1584	-1.8
1585	-2
1586	-1.9
1587	-2.5
1588	-2.6
1589	-2.6
1590	-2.2
1591	-1.9
1592	-1.8
1593	-1.5
1594	-1
1595	-0.8
1596	-0.5
1597	0
1598	-0.1
1599	0
1600	0.1
1601	0.2
1602	0.2
1603	0.4
1604	0.4
1605	0.5
1606	0.5
1607	0.5
1608	0.6
1609	0.8
1610	0.7
1611	0.8
1612	0.8
1613	0.8
1614	0.7
1615	0.6
1616	0.7
1617	1.1
1618	1
1619	1.4
1620	1.6
1621	1.6
1622	1.6
1623	1.4
1624	1.1
1625	1.2
1626	1.4
1627	1.7
1628	1.9
1629	1.7
1630	1
1631	0.7
1632	0.6
1633	-0.4
1634	-0.9
1635	-1.2
1636	-1.9
1637	-2.2
1638	-2.5
1639	-2.5
1640	-2.7
1641	-2.5
1642	-2.5
1643	-2.4
1644	-2.3
1645	-2.3
1646	-2.2
1647	-1.9
1648	-1.9
1649	-1.8
1650	-1.9
1651	-1.8
1652	-1.9
1653	-1.9
1654	-1.8
1655	-2
1656	-2
1657	-2
1658	-2.1
1659	-2.1
1660	-2
1661	-1.9
1662	-1.9
1663	-1.6
1664	-1.2
1665	0
1666	0.2
1667	0.6
1668	0.7
1669	0.8
1670	0.5
1671	0.4
1672	-0.1
1673	-0.1
1674	-0.3
1675	-0.1
1676	0
1677	0.5
1678	0.9
1679	0.9
1680	1.2
1681	1.1
1682	1.1
1683	1
1684	1.2
1685	1.2
1686	1.2
1687	1.1
1688	1.2
1689	1.3
1690	1.5
1691	1.6
1692	1.9
1693	2.3
1694	2.5
1695	2.7
1696	2.6
1697	2.6
1698	2.3
1699	2.4
1700	2.5
1701	1.9
1702	1.8
1703	1.5
1704	1.5
1705	1.3
1706	1.2
1707	1.3
1708	1.2
1709	0.7
1710	0.7
1711	0.7
1712	0.8
1713	1
1714	0.8
1715	0.6
1716	0.5
1717	0.3
1718	0.2
1719	0.1
1720	-0.1
1721	-0.5
1722	-0.5
1723	-0.8
1724	-0.9
1725	-1
1726	-1.2
1727	-1.5
1728	-1.6
1729	-2
1730	-1.9
1731	-1.9
1732	-2.1
1733	-2.3
1734	-2.5
1735	-2.6
1736	-3.1
1737	-2.9
1738	-2.5
1739	-2.4
1740	-2
1741	-1.8
1742	-1.7
1743	-1.9
1744	-2.5
1745	-3.1
1746	-3.5
1747	-4.3
1748	-4.6
1749	-5.2
1750	-5.7
1751	-6
1752	-6.5
1753	-6.9
1754	-7.3
1755	-7.6
1756	-8
1757	-8.1
1758	-7.8
1759	-6.5
1760	-4.4
1761	-3.2
1762	-2
1763	-1.2
1764	-1.8
1765	-2.8
1766	-2.5
1767	-3.5
1768	-4
1769	-4.9
1770	-5.5
1771	-6.1
1772	-6.4
1773	-6.9
1774	-7.5
1775	-7.9
1776	-8.2
1777	-8.4
1778	-8.7
1779	-9.8
1780	-9.9
1781	-10.1
1782	-9.7
1783	-7.9
1784	-5.3
1785	-3.9
1786	-3.4
1787	-2.7
1788	-3.1
1789	-3.9
1790	-3.4
1791	-3.7
1792	-4.1
1793	-4.7
1794	-5.3
1795	-5.8
1796	-6.2
1797	-6.8
1798	-7.2
1799	-7.4
1800	-8
1801	-8.3
1802	-8.7
1803	-8.7
1804	-8.8
1805	-9.2
1806	-8.7
1807	-7.5
1808	-5.6
1809	-3.8
1810	-2.7
1811	-1.4
1812	-1.8
1813	-1.8
1814	-1.7
1815	-1.6
1816	-2.1
1817	-2.6
1818	-2.9
1819	-3.6
1820	-4.4
1821	-4.9
1822	-5.4
1823	-5.7
1824	-6.1
1825	-6.1
1826	-6.6
1827	-7.1
1828	-7.3
1829	-7.9
1830	-7.5
1831	-6.3
1832	-4.6
1833	-3
1834	-1.5
1835	0.9
1836	2.1
1837	2.4
1838	2.8
1839	2.9
1840	2.2
1841	1.2
1842	0.4
1843	-0.3
1844	-0.5
1845	-0.7
1846	-0.8
1847	-0.7
1848	-0.8
1849	-0.9
1850	-1.1
1851	-1.2
1852	-1.4
1853	-1.6
1854	-1.4
1855	-0.7
1856	0.7
1857	1.3
1858	2.9
1859	3
1860	2.8
1861	1.6
1862	0.7
1863	0.5
1864	0.4
1865	0
1866	-0.4
1867	-0.6
1868	0.2
1869	0.4
1870	0
1871	-0.8
1872	-1.8
1873	-1.4
1874	-1.2
1875	-1.5
1876	-2.1
1877	-2.2
1878	-2.6
1879	-1.6
1880	-2
1881	-0.8
1882	-1.4
1883	-0.8
1884	-0.8
1885	-0.8
1886	-0.8
1887	-0.9
1888	-1.3
1889	-1.9
1890	-2.6
1891	-3.1
1892	-3.4
1893	-3.5
1894	-4
1895	-3.7
1896	-3.9
1897	-3.8
1898	-3.9
1899	-3.6
1900	-3
1901	-3.1
1902	-2.9
1903	-1.2
1904	0.8
1905	2.8
1906	4.1
1907	4.8
1908	5.7
1909	5.6
1910	5.6
1911	5.5
1912	5
1913	4.3
1914	3.5
1915	2.5
1916	1.5
1917	1.1
1918	1.1
1919	0.4
1920	0.3
1921	-0.4
1922	-0.6
1923	-0.8
1924	-0.8
1925	-0.7
1926	-0.2
1927	0
1928	0.9
1929	3
1930	3.7
1931	4.7
1932	5.2
1933	5
1934	5.1
1935	5.1
1936	5
1937	4.7
1938	4.5
1939	4
1940	4
1941	4.2
1942	3.1
1943	2.5
1944	2.6
1945	1.9
1946	2.2
1947	0.7
1948	0.2
1949	0.8
1950	1.7
1951	1.8
1952	3.2
1953	4.5
1954	5
1955	5.3
1956	5.3
1957	5.5
1958	5.4
1959	5.3
1960	4.3
1961	3.8
1962	3.1
1963	2.3
1964	1.9
1965	1.4
1966	1.1
1967	0.8
1968	0.8
1969	0.1
1970	0
1971	0
1972	-0.1
1973	-0.4
1974	0.4
1975	1.5
1976	1.6
1977	1.9
1978	1.9
1979	2.8
1980	3.2
1981	4.3
1982	4.1
1983	4.5
1984	4.4
1985	4.2
1986	4
1987	3.8
1988	3.8
1989	3.3
1990	3.1
1991	3.1
1992	3
1993	2.8
1994	2.9
1995	2.7
1996	2.7
1997	2.8
1998	2.7
1999	3.1
2000	3.6
2001	4.9
2002	6.1
2003	7.4
2004	8
2005	8.2
2006	8.4
2007	8.7
2008	8.1
2009	7.5
2010	6
2011	5.2
2012	4.6
2013	0.7
2014	-0.6
2015	-0.7
2016	-0.8
2017	-1.1
2018	-1.3
2019	-1.7
2020	-3
2021	-3.3
2022	-2.7
2023	-2.5
2024	-1.8
2025	-1.7
2026	-0.9
2027	-0.5
2028	-0.2
2029	-0.4
2030	-0.4
2031	-0.5
2032	-0.9
2033	-1.3
2034	-2
2035	-2.7
2036	-3.3
2037	-3.8
2038	-4.3
2039	-4.7
2040	-4.9
2041	-4.9
2042	-4.9
2043	-5.4
2044	-5.8
2045	-5.7
2046	-4.8
2047	-4.1
2048	-2
2049	-0.3
2050	-0.3
2051	-0.3
2052	0.9
2053	0.1
2054	0.2
2055	-0.1
2056	-0.2
2057	-0.7
2058	-1.4
2059	-1.9
2060	-2.4
2061	-2.9
2062	-3.1
2063	-3.6
2064	-3.9
2065	-4
2066	-3.9
2067	-4.8
2068	-4.9
2069	-4.6
2070	-3.3
2071	-1
2072	0.2
2073	1.4
2074	1.2
2075	1.9
2076	2.7
2077	2.8
2078	2.2
2079	2.1
2080	1.7
2081	0.7
2082	-0.5
2083	-1.2
2084	-1.7
2085	-2.1
2086	-2.5
2087	-2.7
2088	-2.9
2089	-3
2090	-3.9
2091	-3.6
2092	-4.1
2093	-3.4
2094	-1.6
2095	-0.3
2096	0.4
2097	1.2
2098	1.3
2099	1.5
2100	2.2
2101	1.5
2102	0.8
2103	0.6
2104	0.3
2105	-0.2
2106	-1.1
2107	-1.4
2108	-1.8
2109	-2.5
2110	-2.9
2111	-3.1
2112	-3.5
2113	-3.7
2114	-3.6
2115	-3.8
2116	-3.7
2117	-3.4
2118	-1.8
2119	0
2120	1.2
2121	2.1
2122	2.8
2123	2.9
2124	2.5
2125	2.2
2126	1.8
2127	1.6
2128	1.2
2129	0.6
2130	-0.2
2131	-0.6
2132	-1.3
2133	-1.6
2134	-2
2135	-2.5
2136	-3
2137	-3.1
2138	-3.4
2139	-4
2140	-4.3
2141	-4.2
2142	-3.1
2143	-1.7
2144	1
2145	1.8
2146	2.5
2147	3.4
2148	3.8
2149	3.8
2150	3.3
2151	3
2152	2.8
2153	2.1
2154	1.1
2155	-0.3
2156	-0.8
2157	-0.8
2158	-0.9
2159	-1.7
2160	-2.4
2161	-2
2162	-1.8
2163	-1.7
2164	-1.3
2165	-1.2
2166	-1.1
2167	-0.4
2168	-0.1
2169	0.4
2170	0.5
2171	0.4
2172	0.9
2173	1
2174	1
2175	0.6
2176	0
2177	-0.4
2178	-0.4
2179	-0.5
2180	-0.5
2181	-0.5
2182	-0.4
2183	-0.4
2184	-0.6
2185	-0.6
2186	-0.8
2187	-0.8
2188	-0.8
2189	-0.5
2190	-0.3
2191	0.1
2192	1
2193	2
2194	3.2
2195	2.9
2196	4
2197	4.3
2198	4.1
2199	4.1
2200	3.4
2201	2.6
2202	1.7
2203	0.9
2204	0
2205	-0.4
2206	-1
2207	-1.4
2208	-1.6
2209	-2
2210	-2
2211	-2.2
2212	-2.2
2213	-2
2214	-1.3
2215	0.8
2216	3.2
2217	4.6
2218	4.9
2219	5.4
2220	6.3
2221	6.2
2222	5.3
2223	5.5
2224	4.8
2225	3.7
2226	2.2
2227	1.3
2228	0.7
2229	0.8
2230	0.7
2231	0.4
2232	0.8
2233	0.9
2234	1.6
2235	1.7
2236	1.8
2237	2.1
2238	2.4
2239	3
2240	3.5
2241	3.6
2242	4
2243	4
2244	3.7
2245	4.1
2246	4.4
2247	4.7
2248	5.1
2249	5.5
2250	5.2
2251	4.8
2252	4.8
2253	4.1
2254	3.4
2255	3.2
2256	3.4
2257	3.8
2258	4.5
2259	4.3
2260	4.4
2261	3.8
2262	3.7
2263	3.5
2264	3.6
2265	3
2266	3.1
2267	3
2268	3.7
2269	4
2270	5.7
2271	6.1
2272	6.2
2273	6.2
2274	6.4
2275	6.1
2276	5.6
2277	5.4
2278	6.2
2279	5.8
2280	5.6
2281	5.2
2282	3
2283	0.6
2284	0.8
2285	0.6
2286	1
2287	1.5
2288	1.5
2289	2.1
2290	2.1
2291	3.4
2292	3.8
2293	4.7
2294	5.5
2295	5
2296	4.7
2297	5.2
2298	4.8
2299	3.6
2300	3.3
2301	3
2302	2
2303	1.2
2304	1
2305	0.8
2306	1
2307	0.5
2308	0.7
2309	1.1
2310	2.3
2311	3.7
2312	6.1
2313	7.4
2314	7.8
2315	8.5
2316	8.5
2317	9
2318	8.4
2319	8.7
2320	8
2321	5.6
2322	4.3
2323	4
2324	4.2
2325	4
2326	3.9
2327	4.7
2328	5.1
2329	4.7
2330	4.4
2331	3.6
2332	3.5
2333	3.6
2334	4.4
2335	5.8
2336	7.1
2337	8.4
2338	11.4
2339	12.1
2340	11.7
2341	11.3
2342	10.8
2343	10.5
2344	10
2345	8
2346	6.4
2347	5
2348	4.7
2349	4
2350	3.7
2351	4.3
2352	3.8
2353	3.4
2354	2.8
2355	2.6
2356	2.9
2357	2.2
2358	3.5
2359	4.5
2360	7.1
2361	8.7
2362	8.5
2363	9.2
2364	8.5
2365	6.2
2366	5
2367	3.9
2368	3.1
2369	2.7
2370	2.2
2371	1.7
2372	0.8
2373	0.3
2374	0.4
2375	0.5
2376	0.6
2377	0.6
2378	0.6
2379	0.7
2380	0.6
2381	1.2
2382	2.6
2383	4.2
2384	5.6
2385	6.2
2386	6.9
2387	7.6
2388	7.2
2389	7.2
2390	6.4
2391	6
2392	5
2393	4
2394	2.6
2395	1.4
2396	0.3
2397	-0.5
2398	-1
2399	-1.6
2400	-1.9
2401	-1.9
2402	-2
2403	-2.2
2404	-2.5
2405	-1.2
2406	1.5
2407	3.5
2408	5.5
2409	6.7
2410	7.5
2411	7.4
2412	7.7
2413	7.2
2414	6.3
2415	5.8
2416	5
2417	4.5
2418	3.5
2419	2.4
2420	1.4
2421	0.8
2422	0.4
2423	-0.2
2424	-0.9
2425	-0.9
2426	-0.6
2427	-1.3
2428	-1.1
2429	0.1
2430	2.3
2431	4.3
2432	6.4
2433	7.5
2434	8.5
2435	9.2
2436	9.8
2437	9.1
2438	8.3
2439	7.6
2440	7
2441	6.2
2442	4.9
2443	3.4
2444	2.8
2445	2.4
2446	1.9
2447	1.2
2448	1.4
2449	1.6
2450	1.5
2451	1.3
2452	1.2
2453	2.4
2454	4.3
2455	6
2456	8
2457	9.8
2458	11.3
2459	11.6
2460	11.9
2461	11.4
2462	10.7
2463	9.7
2464	8.9
2465	7.4
2466	6
2467	4.4
2468	3.8
2469	3.1
2470	2.6
2471	2.6
2472	2
2473	1.4
2474	1.5
2475	1.7
2476	1.8
2477	3
2478	5.1
2479	7.2
2480	10.2
2481	12.2
2482	13.6
2483	14.6
2484	15
2485	14.7
2486	14
2487	12.5
2488	11.6
2489	10
2490	8.7
2491	8
2492	6.9
2493	6.1
2494	6.1
2495	5.2
2496	5.1
2497	5.6
2498	5
2499	5
2500	3.5
2501	4.7
2502	6.1
2503	7
2504	7.9
2505	9.7
2506	11.2
2507	12.9
2508	13.1
2509	12.1
2510	11.4
2511	10.5
2512	10.1
2513	8.8
2514	7.6
2515	6.6
2516	6.4
2517	6.7
2518	6
2519	5.9
2520	5.7
2521	5.6
2522	5.7
2523	5.7
2524	5.5
2525	5.6
2526	5.9
2527	5.9
2528	6.4
2529	8.2
2530	8.9
2531	10.6
2532	12.2
2533	11.8
2534	11.7
2535	11.9
2536	12.2
2537	11.8
2538	11
2539	8.3
2540	6.3
2541	5.7
2542	5.3
2543	5.5
2544	6.2
2545	6.1
2546	5.5
2547	5.2
2548	4.8
2549	5.6
2550	7.3
2551	8.1
2552	8.7
2553	8.8
2554	9.4
2555	12.1
2556	13
2557	14.3
2558	14.2
2559	14.8
2560	14.7
2561	14.1
2562	12.6
2563	11.5
2564	10.1
2565	9.4
2566	8.9
2567	7.9
2568	7.3
2569	6.7
2570	6.2
2571	6
2572	6
2573	6.6
2574	7.7
2575	8.6
2576	9.5
2577	10
2578	10.1
2579	10.9
2580	11.9
2581	11.8
2582	12.5
2583	13.3
2584	13.9
2585	14.4
2586	13.5
2587	12.4
2588	12.4
2589	12.2
2590	11.2
2591	10
2592	9.7
2593	9.4
2594	8
2595	7.5
2596	7.5
2597	8
2598	10.2
2599	11.9
2600	14.3
2601	15.2
2602	16.6
2603	17.4
2604	16.2
2605	16.8
2606	17.5
2607	17.6
2608	17.6
2609	16.9
2610	16.5
2611	13.2
2612	13.2
2613	12.5
2614	12.2
2615	11.7
2616	11.1
2617	11.2
2618	10.5
2619	9.7
2620	9.8
2621	10.6
2622	11.9
2623	14
2624	16
2625	19.1
2626	18.8
2627	21.1
2628	22.8
2629	23.1
2630	22.9
2631	23.4
2632	23.2
2633	22.3
2634	20.8
2635	20
2636	18.5
2637	17.7
2638	16.6
2639	15.3
2640	14.6
2641	13.2
2642	10.1
2643	7.8
2644	7.9
2645	8.7
2646	10
2647	10.7
2648	12.1
2649	13.1
2650	14.5
2651	15.5
2652	16.7
2653	16.6
2654	16.6
2655	16.8
2656	16.1
2657	15.3
2658	14.4
2659	13.8
2660	12.6
2661	11.7
2662	10.8
2663	9.5
2664	9.1
2665	8.2
2666	7.5
2667	6.9
2668	6.5
2669	6.9
2670	8
2671	8.8
2672	10.8
2673	11.9
2674	12
2675	13.8
2676	12.7
2677	13.6
2678	13.9
2679	11.9
2680	10.7
2681	8.9
2682	7.8
2683	7.1
2684	6.1
2685	5.8
2686	5.7
2687	5.5
2688	5.7
2689	5.1
2690	5.2
2691	5.1
2692	5.3
2693	6.3
2694	7.4
2695	9
2696	9.8
2697	9.1
2698	10.8
2699	8.7
2700	8.4
2701	7.1
2702	5.9
2703	6
2704	5.6
2705	5.7
2706	5.5
2707	5.9
2708	6.6
2709	7
2710	6.9
2711	7.1
2712	7
2713	7.3
2714	7.3
2715	7.4
2716	7.5
2717	7.7
2718	8.4
2719	9.1
2720	10.5
2721	10.8
2722	12.5
2723	12.8
2724	13.3
2725	12.7
2726	12.5
2727	10.8
2728	9.6
2729	9.5
2730	9.1
2731	8.4
2732	8.1
2733	8.2
2734	8.2
2735	8
2736	7.6
2737	7.5
2738	7.5
2739	6.9
2740	7.1
2741	7.4
2742	7.5
2743	8.1
2744	9.1
2745	10.2
2746	11.1
2747	11.5
2748	14
2749	13.6
2750	13
2751	12.8
2752	12.6
2753	12.3
2754	10.6
2755	9.1
2756	8.6
2757	8.4
2758	7.4
2759	7.1
2760	6.6
2761	5.9
2762	5.8
2763	6.1
2764	5.5
2765	5.9
2766	6.3
2767	6.5
2768	7.4
2769	9
2770	9.6
2771	10.5
2772	10.7
2773	12.5
2774	12.5
2775	10.3
2776	9.8
2777	5.9
2778	7.6
2779	7.3
2780	7.4
2781	7.3
2782	6.8
2783	6.1
2784	5.8
2785	5.3
2786	5.2
2787	4.8
2788	5.1
2789	6.2
2790	7.3
2791	8.6
2792	8.4
2793	9.2
2794	10.7
2795	9.6
2796	9.8
2797	10.7
2798	9.7
2799	10
2800	10.3
2801	10.2
2802	7
2803	6.7
2804	6.8
2805	6.4
2806	6.1
2807	5.9
2808	5.9
2809	5.5
2810	5
2811	4.7
2812	5.3
2813	6.3
2814	7.8
2815	8.6
2816	10.2
2817	11.6
2818	12.9
2819	13.3
2820	12.9
2821	14
2822	11.9
2823	10
2824	8.4
2825	8.3
2826	8.5
2827	8.4
2828	7.8
2829	6.9
2830	7
2831	6.6
2832	6.7
2833	6.7
2834	7
2835	7.3
2836	6.7
2837	6.3
2838	6.4
2839	6.3
2840	6.5
2841	6.9
2842	7.1
2843	7.5
2844	8.1
2845	8.9
2846	9.3
2847	9.5
2848	9.5
2849	9.3
2850	8.6
2851	7.6
2852	7.2
2853	6.5
2854	6
2855	6.1
2856	5.6
2857	4.4
2858	4.7
2859	4.2
2860	4.8
2861	6.1
2862	7.9
2863	9.1
2864	9.1
2865	9.2
2866	9.9
2867	10.2
2868	9.9
2869	10.1
2870	10.3
2871	10.1
2872	9.1
2873	8.2
2874	7.7
2875	7.1
2876	7.1
2877	6.8
2878	6.9
2879	6
2880	6.1
2881	6
2882	5.6
2883	5.6
2884	5.5
2885	5.7
2886	5.8
2887	5.7
2888	5.8
2889	6.2
2890	7.3
2891	9.6
2892	9.5
2893	11
2894	12
2895	13
2896	11.8
2897	10
2898	8.8
2899	8.7
2900	8.7
2901	8.3
2902	7.5
2903	6.9
2904	6.6
2905	6.4
2906	6.6
2907	6.6
2908	6.8
2909	7.3
2910	8
2911	8.3
2912	9.3
2913	9.8
2914	12.3
2915	11.8
2916	11.5
2917	10.9
2918	11.6
2919	10.6
2920	10.5
2921	11
2922	10.7
2923	10
2924	9.1
2925	8.2
2926	7.7
2927	7.2
2928	6.9
2929	6.9
2930	5.4
2931	5.1
2932	5.5
2933	7.1
2934	9.3
2935	10.7
2936	12.1
2937	11
2938	9.2
2939	8.2
2940	8.7
2941	7.4
2942	6.7
2943	6.6
2944	6.7
2945	6.7
2946	6.9
2947	7
2948	6.9
2949	6.6
2950	7
2951	7.2
2952	7.1
2953	7
2954	6.5
2955	5.8
2956	6
2957	6.7
2958	6.9
2959	7.8
2960	8.6
2961	9.4
2962	9.8
2963	11.3
2964	12.3
2965	12.8
2966	13.2
2967	13.9
2968	13.8
2969	13.7
2970	13
2971	11.7
2972	11.1
2973	10.3
2974	9.6
2975	8.6
2976	8.2
2977	7.4
2978	6.8
2979	6.5
2980	7.1
2981	8
2982	9.5
2983	10.8
2984	12.6
2985	14.7
2986	14.9
2987	15.7
2988	17
2989	17.8
2990	17.3
2991	17.7
2992	17.9
2993	18.2
2994	16.9
2995	16.1
2996	14.3
2997	12.8
2998	12.1
2999	12.1
3000	11.6
3001	11.1
3002	10.7
3003	10.4
3004	10.9
3005	11.5
3006	13
3007	14.4
3008	16.4
3009	17
3010	17.7
3011	19.5
3012	20.4
3013	20.4
3014	20
3015	19.8
3016	20.1
3017	19.9
3018	18.5
3019	17.1
3020	16
3021	14.9
3022	14.3
3023	13.7
3024	12.9
3025	12.5
3026	11.9
3027	11.6
3028	11.8
3029	13.1
3030	14.8
3031	16.3
3032	18.7
3033	20
3034	21.5
3035	22.4
3036	23.3
3037	23.7
3038	22.7
3039	22.8
3040	22.2
3041	21.8
3042	20.6
3043	19.2
3044	18.3
3045	16.8
3046	16
3047	15.1
3048	14.7
3049	13.1
3050	12.4
3051	11.5
3052	11.8
3053	12.2
3054	14.9
3055	17.7
3056	20.1
3057	20.9
3058	22.2
3059	23.6
3060	24.7
3061	23.2
3062	22.6
3063	21.8
3064	21.4
3065	20.1
3066	18.8
3067	17.2
3068	13.5
3069	12.2
3070	11.3
3071	10.9
3072	10.9
3073	10.6
3074	11.2
3075	11.1
3076	12
3077	14.3
3078	16.2
3079	17.3
3080	19.8
3081	19.9
3082	18.7
3083	18.9
3084	18.8
3085	17
3086	16.7
3087	16.2
3088	14.6
3089	14.4
3090	13.1
3091	11.8
3092	10.6
3093	9.8
3094	9.1
3095	8.6
3096	8.3
3097	8.1
3098	8.2
3099	8.7
3100	9.6
3101	11.1
3102	13.8
3103	15.2
3104	16.7
3105	17.4
3106	17
3107	17.7
3108	17.4
3109	17
3110	17.2
3111	16.3
3112	16
3113	15.6
3114	14.8
3115	13.6
3116	13.1
3117	13.2
3118	13
3119	12.6
3120	12
3121	12.1
3122	12.4
3123	12.5
3124	13.2
3125	14.7
3126	16.9
3127	18.4
3128	19.8
3129	19
3130	18
3131	18.8
3132	19.6
3133	19.6
3134	19.3
3135	18.6
3136	18
3137	17
3138	15.6
3139	14.6
3140	13.5
3141	13.1
3142	12.2
3143	11.6
3144	11.1
3145	11
3146	11
3147	11.2
3148	12.9
3149	14.9
3150	16.6
3151	18.6
3152	22
3153	22.7
3154	21.9
3155	23.3
3156	24
3157	23.6
3158	22.6
3159	21.7
3160	20.7
3161	18.9
3162	17.4
3163	15.3
3164	14.1
3165	12.8
3166	12.1
3167	12
3168	11.2
3169	10.7
3170	10.1
3171	10.3
3172	11.8
3173	14.4
3174	16.9
3175	18.8
3176	20.4
3177	21.6
3178	21.2
3179	23.1
3180	23.6
3181	23.9
3182	23.1
3183	22.3
3184	21.7
3185	21.1
3186	19.9
3187	17.9
3188	16.4
3189	14.8
3190	13.7
3191	12.8
3192	12.4
3193	11.9
3194	11.3
3195	10.8
3196	11.8
3197	13.6
3198	16.3
3199	19.4
3200	22.8
3201	23.6
3202	23.7
3203	25.4
3204	25.8
3205	26.1
3206	24.4
3207	23.6
3208	23.4
3209	22.1
3210	21.1
3211	19.5
3212	18.3
3213	17.4
3214	16
3215	15
3216	14.3
3217	13.8
3218	13.2
3219	12.3
3220	13.1
3221	15.4
3222	18.3
3223	21.2
3224	23.7
3225	24.8
3226	23.7
3227	25.5
3228	26.7
3229	26.6
3230	25.7
3231	25
3232	24.6
3233	23.4
3234	21.9
3235	20.4
3236	19.8
3237	18
3238	16.5
3239	15
3240	13.5
3241	12
3242	10.5
3243	9
3244	11.6
3245	17.3
3246	18.6
3247	21.3
3248	23.9
3249	25.1
3250	25.8
3251	26.6
3252	27.4
3253	27.1
3254	26.2
3255	25.2
3256	23.8
3257	23
3258	21
3259	19.4
3260	18
3261	17.7
3262	16.8
3263	15.1
3264	13.9
3265	12.8
3266	11.4
3267	10.6
3268	10.2
3269	10.4
3270	11.1
3271	11.6
3272	11.6
3273	12
3274	11.7
3275	11.3
3276	12.1
3277	12.9
3278	14
3279	14
3280	14.2
3281	13.6
3282	12.2
3283	11.7
3284	10.9
3285	10.2
3286	9.8
3287	10
3288	9.7
3289	9.1
3290	9.2
3291	9.4
3292	9.9
3293	10.7
3294	11.7
3295	13.2
3296	14.4
3297	14.8
3298	15.3
3299	16.7
3300	16.5
3301	16.3
3302	15.8
3303	15.3
3304	15.8
3305	14.8
3306	14.2
3307	12.6
3308	11.7
3309	10.9
3310	10.3
3311	9.6
3312	9.1
3313	8.5
3314	8.1
3315	8
3316	8.7
3317	10.6
3318	12.6
3319	14.6
3320	17.1
3321	17.6
3322	17.6
3323	18.8
3324	20.7
3325	20.3
3326	19.8
3327	19.8
3328	19.3
3329	18.2
3330	16.1
3331	14.3
3332	13.3
3333	12.7
3334	12.7
3335	12.8
3336	12.4
3337	11.8
3338	11.4
3339	11.9
3340	12.6
3341	14.2
3342	16.5
3343	18.9
3344	21.1
3345	21.9
3346	22.4
3347	23.8
3348	25
3349	25.2
3350	24.6
3351	24
3352	23.2
3353	21.9
3354	20.8
3355	19.1
3356	17.3
3357	16
3358	15.3
3359	14.6
3360	14.6
3361	14.8
3362	14.2
3363	14.5
3364	15.2
3365	16.2
3366	17.7
3367	20
3368	21.5
3369	22.6
3370	23
3371	24.5
3372	25.5
3373	25.4
3374	23.9
3375	23.2
3376	22.6
3377	22
3378	21.1
3379	19.9
3380	18.2
3381	17.3
3382	15
3383	14.4
3384	13.4
3385	12.8
3386	11.7
3387	12
3388	12.7
3389	14.8
3390	16.7
3391	18
3392	19.9
3393	21.7
3394	21.8
3395	22.9
3396	24.5
3397	23.7
3398	23.1
3399	22.1
3400	20.9
3401	20.4
3402	19.5
3403	18.1
3404	16.8
3405	15.5
3406	14.6
3407	14.3
3408	13.8
3409	13.6
3410	13.6
3411	13.6
3412	13.8
3413	15
3414	14.9
3415	16.6
3416	18.4
3417	20
3418	20.2
3419	19.7
3420	20.2
3421	20.2
3422	20.1
3423	19.5
3424	18.7
3425	17.6
3426	16.5
3427	15.1
3428	13.9
3429	12.9
3430	12.1
3431	11.5
3432	10.7
3433	9.9
3434	8.9
3435	8.8
3436	9.1
3437	10.2
3438	12.6
3439	15
3440	17.6
3441	19.2
3442	18.7
3443	20.8
3444	22.6
3445	22.3
3446	21.65
3447	21
3448	20.8
3449	19.8
3450	18.7
3451	17.3
3452	15.8
3453	14.5
3454	13.3
3455	12.8
3456	12.3
3457	12.5
3458	11.8
3459	12.6
3460	13.4
3461	15.4
3462	16.9
3463	19.7
3464	21.2
3465	22.3
3466	21
3467	21.9
3468	22.5
3469	22.1
3470	21.2
3471	19.8
3472	19.7
3473	18.8
3474	17.9
3475	17
3476	15.9
3477	14.7
3478	13.3
3479	12.4
3480	12.4
3481	11.9
3482	11.5
3483	10.8
3484	12.6
3485	14.1
3486	16.4
3487	18.3
3488	20.1
3489	20.5
3490	22.6
3491	23.6
3492	24.7
3493	26.6
3494	24.7
3495	23.5
3496	23.3
3497	22.5
3498	20.5
3499	18.7
3500	17.8
3501	16.6
3502	15.6
3503	14.6
3504	13.5
3505	12.3
3506	11.6
3507	11.4
3508	12.7
3509	14.1
3510	15.9
3511	18
3512	20.5
3513	21.8
3514	22.3
3515	23.3
3516	23.4
3517	23.1
3518	22.1
3519	19.9
3520	19.9
3521	19
3522	17.3
3523	15.8
3524	14.3
3525	13
3526	11.9
3527	11.2
3528	10.6
3529	9.9
3530	9.4
3531	9.4
3532	10.7
3533	12.1
3534	14.6
3535	17.4
3536	20.8
3537	22
3538	21.4
3539	22.2
3540	22.8
3541	22.9
3542	21.4
3543	20.3
3544	19.5
3545	18.8
3546	17.7
3547	16.9
3548	15.6
3549	14.3
3550	13.7
3551	13.2
3552	12.9
3553	12.4
3554	12.6
3555	13.2
3556	14.3
3557	15.4
3558	17.9
3559	20
3560	22.7
3561	24.6
3562	25.2
3563	27
3564	27.8
3565	28.1
3566	26.7
3567	27.2
3568	27.6
3569	24.9
3570	23.9
3571	22.7
3572	21.2
3573	19.9
3574	19.1
3575	18.8
3576	17.9
3577	17.5
3578	17.3
3579	17.5
3580	17.8
3581	18.5
3582	19.4
3583	21.7
3584	23.2
3585	23.9
3586	24.8
3587	25.6
3588	25.8
3589	26
3590	24.4
3591	22.3
3592	21.9
3593	21.3
3594	19.8
3595	18.5
3596	16.5
3597	14.6
3598	13.1
3599	12.7
3600	12
3601	11.6
3602	11
3603	11.2
3604	12.2
3605	13.9
3606	16.2
3607	17.3
3608	19.3
3609	19.6
3610	19
3611	20.4
3612	21
3613	20.9
3614	20.2
3615	18.5
3616	18.3
3617	17.3
3618	16.4
3619	15.7
3620	14.6
3621	14
3622	13.4
3623	12.9
3624	12.3
3625	12.2
3626	11.6
3627	12.5
3628	13.3
3629	14.4
3630	16.5
3631	18.4
3632	20.2
3633	21.2
3634	22.4
3635	24.1
3636	25.5
3637	26.2
3638	25.9
3639	25.3
3640	24.9
3641	23.9
3642	22.5
3643	20.7
3644	18.7
3645	17.5
3646	17.3
3647	17.2
3648	17.3
3649	16.7
3650	16.6
3651	16.9
3652	17.6
3653	18.7
3654	20.8
3655	24
3656	26.1
3657	27
3658	26.8
3659	27.3
3660	29.2
3661	28.9
3662	25.9
3663	24.6
3664	24.8
3665	20.9
3666	20
3667	18.7
3668	17.6
3669	17
3670	17
3671	16.9
3672	16.7
3673	16.4
3674	16.3
3675	16.2
3676	17.2
3677	19.1
3678	21.2
3679	23.6
3680	25.7
3681	26.8
3682	26.8
3683	29.4
3684	29.8
3685	27.7
3686	28.2
3687	28.6
3688	26.3
3689	20.8
3690	21.6
3691	21.7
3692	21.2
3693	20.6
3694	20.8
3695	20.7
3696	20.4
3697	20.3
3698	19.8
3699	18.4
3700	17.3
3701	16.8
3702	17
3703	17.9
3704	19
3705	19.4
3706	19.4
3707	20.5
3708	21.2
3709	20.9
3710	20.9
3711	21.7
3712	17.6
3713	16
3714	15.8
3715	14.7
3716	13.4
3717	13.1
3718	13.2
3719	12.1
3720	10.6
3721	9.5
3722	8.8
3723	8.3
3724	8.3
3725	8.4
3726	9
3727	10
3728	11
3729	11.2
3730	11.6
3731	12.4
3732	13.4
3733	13.2
3734	13.6
3735	13.5
3736	13.1
3737	12.7
3738	11.8
3739	11.6
3740	10.7
3741	10
3742	9.7
3743	9.3
3744	9.3
3745	8.4
3746	7.9
3747	7.9
3748	8.6
3749	9.4
3750	10.8
3751	12.5
3752	13
3753	13.3
3754	13.3
3755	13.8
3756	15
3757	16.5
3758	15.8
3759	15.6
3760	15.2
3761	12.1
3762	11.4
3763	10.7
3764	10.3
3765	10.1
3766	10.1
3767	10.2
3768	9.9
3769	9.6
3770	9.8
3771	10.4
3772	11.2
3773	13.6
3774	16
3775	17.1
3776	17.8
3777	18.5
3778	22.6
3779	25.4
3780	25.4
3781	25.2
3782	25.4
3783	25.5
3784	25.6
3785	24
3786	19.2
3787	18.7
3788	17.5
3789	15.4
3790	14.2
3791	13.2
3792	12.5
3793	11.8
3794	11.3
3795	11.4
3796	12.7
3797	13.9
3798	15.6
3799	16.9
3800	18.3
3801	19.5
3802	20.1
3803	21.7
3804	23.1
3805	19.3
3806	18.9
3807	17.3
3808	17.5
3809	16.6
3810	15.7
3811	14.6
3812	13.9
3813	13.2
3814	12.8
3815	12.4
3816	12.3
3817	12.1
3818	11.9
3819	12.5
3820	13.5
3821	15.1
3822	16.4
3823	19.8
3824	21.9
3825	22.4
3826	23.6
3827	25.1
3828	25.8
3829	25.1
3830	24.4
3831	23.8
3832	24.3
3833	23.6
3834	22.1
3835	20.2
3836	19
3837	17.6
3838	16.7
3839	16.1
3840	16
3841	15.6
3842	15.5
3843	15.5
3844	16.8
3845	17.4
3846	18.5
3847	21
3848	23.2
3849	25.2
3850	27
3851	27.4
3852	29.5
3853	29.1
3854	27.2
3855	26.6
3856	25.4
3857	24
3858	23
3859	21.8
3860	20.3
3861	19.3
3862	18.4
3863	18
3864	17.7
3865	16.9
3866	16.2
3867	16.8
3868	18.1
3869	18.2
3870	17.2
3871	18.1
3872	19.4
3873	22
3874	21.6
3875	23
3876	22
3877	23.1
3878	22.6
3879	21.4
3880	21.6
3881	21.2
3882	20.4
3883	20
3884	17.7
3885	16.9
3886	15.8
3887	14.9
3888	14.2
3889	13.4
3890	12.6
3891	12.8
3892	13.2
3893	13.8
3894	13.5
3895	15
3896	16.2
3897	18.3
3898	18.9
3899	18.8
3900	20.3
3901	20.6
3902	20.7
3903	19.7
3904	19.5
3905	19.1
3906	18
3907	16.9
3908	15.7
3909	14.9
3910	13.8
3911	12.9
3912	12.5
3913	12.4
3914	11.7
3915	12.5
3916	13.6
3917	15.3
3918	16.6
3919	18.4
3920	20.6
3921	19.7
3922	19.1
3923	20.5
3924	18.6
3925	17.5
3926	16.6
3927	15.6
3928	14
3929	14.7
3930	15
3931	15
3932	14.7
3933	14.3
3934	14.1
3935	13.9
3936	14.1
3937	14.6
3938	14.6
3939	14.7
3940	15
3941	15.7
3942	16.9
3943	17.6
3944	17.7
3945	18.1
3946	19.7
3947	19.7
3948	19.8
3949	19.5
3950	20.2
3951	20.2
3952	19.5
3953	19.4
3954	18.8
3955	18.4
3956	17.6
3957	17
3958	16.7
3959	16.8
3960	17.2
3961	17.4
3962	17.8
3963	17.7
3964	17.3
3965	17.3
3966	18
3967	19.4
3968	20.5
3969	21.7
3970	21.9
3971	23.2
3972	22.9
3973	23.2
3974	23.3
3975	22.5
3976	23
3977	21.4
3978	21.2
3979	20.3
3980	18.4
3981	17.2
3982	16.5
3983	16
3984	16
3985	15.7
3986	15.1
3987	15
3988	15
3989	16.3
3990	17.5
3991	18.2
3992	19.5
3993	21.3
3994	20.2
3995	23.4
3996	22.7
3997	22.7
3998	22.4
3999	21.4
4000	20.7
4001	20.5
4002	20.1
4003	19
4004	17.4
4005	16.6
4006	16.7
4007	15.8
4008	15.6
4009	14.2
4010	14.8
4011	15.7
4012	15.7
4013	16.9
4014	18.7
4015	19.7
4016	21.1
4017	23.2
4018	21.9
4019	23.2
4020	20.9
4021	21.5
4022	19.9
4023	17.6
4024	15.3
4025	15.5
4026	15.9
4027	15.3
4028	15.2
4029	15.1
4030	14.9
4031	14.2
4032	13.2
4033	12.7
4034	12.1
4035	12
4036	12.6
4037	13.7
4038	14.7
4039	16.6
4040	16.7
4041	17.2
4042	18
4043	17.8
4044	17.9
4045	17.7
4046	19.4
4047	19.5
4048	19.6
4049	19.8
4050	19
4051	18.3
4052	17.7
4053	17.3
4054	16.7
4055	16.4
4056	17
4057	16.7
4058	16.4
4059	15.9
4060	15.9
4061	15.1
4062	14.9
4063	15.1
4064	15.3
4065	16.9
4066	15.9
4067	19.9
4068	20.2
4069	21.4
4070	20
4071	20.4
4072	19.8
4073	19.2
4074	18.3
4075	17.4
4076	16.3
4077	15.4
4078	14.7
4079	13.9
4080	13.3
4081	12.7
4082	12.3
4083	12.4
4084	12.9
4085	13.7
4086	14.7
4087	16.3
4088	17.3
4089	18.3
4090	18.3
4091	18.3
4092	19.2
4093	18.7
4094	18
4095	16.2
4096	12.9
4097	12.2
4098	11.1
4099	11
4100	11.2
4101	11.1
4102	11
4103	11.2
4104	11.2
4105	11.2
4106	11
4107	10.9
4108	10.8
4109	11
4110	11.2
4111	11.5
4112	12
4113	12.5
4114	15.6
4115	15.7
4116	16.5
4117	16.2
4118	15.8
4119	13
4120	13.8
4121	13
4122	13
4123	12.8
4124	12
4125	11.4
4126	10.2
4127	9.8
4128	9.1
4129	8.8
4130	8.6
4131	8.8
4132	9.1
4133	8.9
4134	8.9
4135	8.9
4136	9.6
4137	11.3
4138	12.6
4139	13
4140	14.1
4141	17.5
4142	17.3
4143	16.7
4144	15.9
4145	14.8
4146	14.5
4147	13.8
4148	12.5
4149	11.9
4150	12
4151	11.8
4152	11.3
4153	10.6
4154	10.3
4155	10.5
4156	11.3
4157	11.4
4158	11.9
4159	13.7
4160	13.9
4161	14.1
4162	15.5
4163	15.4
4164	16.4
4165	15.5
4166	15.6
4167	16.1
4168	17
4169	16.7
4170	16
4171	15.7
4172	14.5
4173	13.1
4174	12.6
4175	12
4176	11.7
4177	11.9
4178	11.1
4179	11.5
4180	11.5
4181	12.5
4182	15.3
4183	17
4184	18.5
4185	19.3
4186	18
4187	17.4
4188	18.1
4189	18.8
4190	18
4191	18
4192	19.1
4193	18
4194	17.6
4195	16.8
4196	15.8
4197	15
4198	14.7
4199	13.8
4200	13.2
4201	12.7
4202	12.8
4203	12.9
4204	13.5
4205	14.7
4206	16.3
4207	18
4208	19.8
4209	20.8
4210	20.5
4211	22.3
4212	22
4213	22.3
4214	22.1
4215	20.7
4216	20.3
4217	20.7
4218	19.9
4219	19.7
4220	18.3
4221	17.4
4222	16.8
4223	16.1
4224	16
4225	15.7
4226	15.4
4227	15.8
4228	15.6
4229	15.8
4230	16.6
4231	18
4232	17.9
4233	19
4234	19.4
4235	19.6
4236	21.6
4237	21.1
4238	21.4
4239	21.2
4240	20.1
4241	19.2
4242	17.8
4243	16.9
4244	15.9
4245	14.6
4246	14
4247	13.6
4248	13.5
4249	12.9
4250	13.3
4251	14
4252	15.2
4253	17.5
4254	20.1
4255	22
4256	24.3
4257	26.3
4258	26.5
4259	28
4260	28.2
4261	29
4262	28.5
4263	24.4
4264	23.6
4265	21.5
4266	20.3
4267	19.1
4268	17.9
4269	18.9
4270	17.8
4271	17.2
4272	17
4273	17.2
4274	16.8
4275	16.9
4276	18.3
4277	20.7
4278	22.7
4279	25.2
4280	26.8
4281	28.7
4282	28.4
4283	29.2
4284	29.9
4285	29.3
4286	28.4
4287	27.2
4288	24.9
4289	25
4290	24.5
4291	23.2
4292	19.3
4293	16.4
4294	13.9
4295	13.7
4296	13.3
4297	12.2
4298	11.7
4299	12.1
4300	12.5
4301	13.1
4302	13.4
4303	13.5
4304	14.3
4305	14.2
4306	15.3
4307	16.3
4308	16.2
4309	16.8
4310	16.5
4311	16.6
4312	16.9
4313	15.9
4314	15
4315	14.7
4316	14.1
4317	13.7
4318	13.3
4319	12.8
4320	12.2
4321	11.8
4322	11.1
4323	10.9
4324	11.3
4325	12.3
4326	13.6
4327	15
4328	17.5
4329	17.1
4330	17.8
4331	17.5
4332	17.1
4333	17.7
4334	18.1
4335	16.9
4336	16.8
4337	15.8
4338	15
4339	14.1
4340	13.2
4341	12.3
4342	11.5
4343	10.4
4344	9.7
4345	9.4
4346	9.4
4347	9.5
4348	10.6
4349	11.9
4350	14
4351	16.4
4352	17.3
4353	18.8
4354	19.4
4355	19.6
4356	19.7
4357	19.9
4358	19.3
4359	18.6
4360	18.4
4361	17.1
4362	16.5
4363	15.9
4364	14.9
4365	13.6
4366	12.6
4367	11.9
4368	11.2
4369	10.7
4370	10.4
4371	10.5
4372	11.6
4373	13.4
4374	15.3
4375	16.8
4376	19.3
4377	20.9
4378	19.3
4379	21.4
4380	20.7
4381	18.3
4382	15.6
4383	16
4384	16
4385	15.6
4386	15.5
4387	15.4
4388	15.4
4389	15.6
4390	15.5
4391	14.9
4392	14.3
4393	14
4394	13.8
4395	14
4396	14.3
4397	15.3
4398	16.5
4399	17
4400	17.3
4401	17.8
4402	18
4403	18.3
4404	19.1
4405	19.7
4406	20.8
4407	20.8
4408	21.1
4409	21.1
4410	21.6
4411	21.1
4412	20.1
4413	18.5
4414	18.7
4415	17.9
4416	17.6
4417	16.8
4418	16.1
4419	15.8
4420	15.7
4421	16.1
4422	17.1
4423	18.6
4424	20
4425	20.7
4426	22.2
4427	22.6
4428	22.3
4429	23.1
4430	23.7
4431	20.8
4432	20.3
4433	19.3
4434	18.5
4435	17.9
4436	16.9
4437	16
4438	14.7
4439	13.7
4440	13.7
4441	14.1
4442	13.7
4443	14.1
4444	15.3
4445	16.4
4446	17.8
4447	19.7
4448	22
4449	21.6
4450	21.6
4451	21.5
4452	23.2
4453	21.5
4454	21.4
4455	22
4456	22.2
4457	22.1
4458	20.9
4459	19.8
4460	18.1
4461	17
4462	16.5
4463	16
4464	15.7
4465	15.3
4466	15.5
4467	16
4468	16.7
4469	18.2
4470	19.9
4471	22.3
4472	24
4473	25.4
4474	24.8
4475	25.9
4476	26.6
4477	26.9
4478	25.3
4479	24.1
4480	24.6
4481	23.3
4482	22.1
4483	21.5
4484	21.3
4485	20.7
4486	20.2
4487	18.7
4488	17.2
4489	16.3
4490	15.7
4491	15.7
4492	17.1
4493	17.6
4494	18.2
4495	19
4496	19.7
4497	21.2
4498	21.6
4499	19.3
4500	19.4
4501	20.1
4502	20.4
4503	21.4
4504	22.5
4505	21.5
4506	20.6
4507	18.9
4508	17.7
4509	17.3
4510	16.5
4511	15.8
4512	14.8
4513	15.5
4514	14.4
4515	14.4
4516	15
4517	15.9
4518	17
4519	18.4
4520	20.1
4521	21.9
4522	23
4523	24.6
4524	24.5
4525	25.1
4526	25.6
4527	24.7
4528	25.7
4529	21.6
4530	20.2
4531	19
4532	17.8
4533	16.5
4534	15.6
4535	15.1
4536	15.4
4537	14.7
4538	14.4
4539	14.3
4540	15.7
4541	16.5
4542	18.4
4543	19.6
4544	21.3
4545	20.9
4546	22.5
4547	24.1
4548	24.8
4549	26.4
4550	24.5
4551	23.3
4552	22.9
4553	22.7
4554	21.9
4555	20.2
4556	19.1
4557	18.1
4558	17.1
4559	16.8
4560	16.7
4561	16.5
4562	15.9
4563	15.4
4564	16
4565	16.7
4566	18.2
4567	20.8
4568	23.8
4569	25.1
4570	24.4
4571	25.4
4572	25.9
4573	27
4574	26.4
4575	24.6
4576	24.4
4577	23.7
4578	23.2
4579	22.3
4580	20.8
4581	19.7
4582	19.1
4583	18.5
4584	17.6
4585	17.1
4586	16.6
4587	16.3
4588	16.7
4589	18.2
4590	19.7
4591	22
4592	24.6
4593	23.9
4594	22.2
4595	22.7
4596	22.1
4597	24.4
4598	23.5
4599	22.6
4600	21.4
4601	20.7
4602	19.5
4603	18.4
4604	17
4605	16.1
4606	15.6
4607	15.2
4608	15
4609	14.5
4610	14
4611	14.4
4612	15.3
4613	17
4614	18.5
4615	20.65
4616	22.8
4617	24.7
4618	23
4619	23.4
4620	26
4621	25.9
4622	25.4
4623	23.8
4624	23.1
4625	22.2
4626	20.9
4627	19.9
4628	19
4629	18.3
4630	18
4631	17.3
4632	16.6
4633	16.2
4634	15.9
4635	16.3
4636	17.2
4637	18.7
4638	20.5
4639	22.8
4640	24.8
4641	26
4642	26.4
4643	28
4644	29.2
4645	28.8
4646	27.8
4647	26.3
4648	26
4649	25.1
4650	24.3
4651	23.5
4652	21.8
4653	20.9
4654	20.5
4655	19.4
4656	18.7
4657	18.2
4658	17.9
4659	18.3
4660	19.5
4661	21.7
4662	23.3
4663	25.6
4664	27.4
4665	28.8
4666	28.4
4667	30
4668	30.9
4669	31.2
4670	29.3
4671	27.7
4672	27.5
4673	26.5
4674	25.7
4675	24.8
4676	23.6
4677	22.1
4678	21
4679	20.7
4680	20.2
4681	20
4682	19.4
4683	19.4
4684	20
4685	21
4686	22.7
4687	25.1
4688	27.8
4689	29.3
4690	28.9
4691	30.5
4692	31.6
4693	32.2
4694	29.9
4695	29.1
4696	29.5
4697	28.8
4698	27.8
4699	26.6
4700	25.2
4701	24.2
4702	23
4703	22.1
4704	21.9
4705	21
4706	20.5
4707	21.1
4708	21.5
4709	22.3
4710	24.5
4711	26.8
4712	30.1
4713	30.8
4714	30.5
4715	31.8
4716	31.9
4717	32.4
4718	31.4
4719	29.7
4720	29.1
4721	28.4
4722	27.5
4723	26.2
4724	24.8
4725	23.9
4726	22.4
4727	21.6
4728	20.7
4729	20.1
4730	19.6
4731	19.3
4732	20.3
4733	22
4734	24.4
4735	27
4736	29.5
4737	30.5
4738	29.5
4739	30.9
4740	31.8
4741	31.7
4742	30.7
4743	29.6
4744	28.5
4745	28.1
4746	26.8
4747	25.8
4748	24.9
4749	24.1
4750	23
4751	22.2
4752	21.5
4753	21.2
4754	21.5
4755	21.7
4756	22.5
4757	24.2
4758	25.5
4759	27.3
4760	29.1
4761	29.5
4762	29.1
4763	30.7
4764	30.9
4765	31
4766	30.1
4767	28.7
4768	28.5
4769	27.1
4770	25.8
4771	24.9
4772	23.6
4773	23.2
4774	22.6
4775	21.3
4776	20.8
4777	20.5
4778	19.8
4779	20.1
4780	21
4781	23.5
4782	24.9
4783	26.3
4784	28.7
4785	29.4
4786	28.7
4787	28.9
4788	30.2
4789	29.2
4790	28.5
4791	27.3
4792	26.6
4793	26.2
4794	25.6
4795	24.8
4796	23.8
4797	23.4
4798	22.8
4799	22.6
4800	22.1
4801	21.7
4802	21.4
4803	21.2
4804	21.6
4805	23
4806	23.7
4807	25.4
4808	28.7
4809	29.9
4810	29.1
4811	29.6
4812	31.3
4813	28.8
4814	29.3
4815	28.7
4816	27.2
4817	26.6
4818	26
4819	25.2
4820	24.5
4821	23.5
4822	22.4
4823	21.2
4824	21.1
4825	20.7
4826	20.1
4827	19.9
4828	19.3
4829	19.3
4830	19.4
4831	20.2
4832	21.1
4833	22.4
4834	24.8
4835	26.9
4836	26.1
4837	27.8
4838	26.5
4839	27
4840	26.4
4841	25.9
4842	24.1
4843	22.9
4844	22.2
4845	21.6
4846	20.7
4847	20.4
4848	19.4
4849	18.4
4850	17.4
4851	17
4852	17
4853	18
4854	19.1
4855	20
4856	22.7
4857	23.7
4858	23.8
4859	24.9
4860	26.3
4861	25.9
4862	27.5
4863	26.4
4864	27.1
4865	26.2
4866	24.5
4867	23.6
4868	22.7
4869	22
4870	21.4
4871	20.4
4872	19.4
4873	18.9
4874	18.6
4875	18
4876	18.7
4877	19.5
4878	20.9
4879	21.9
4880	22.7
4881	24.3
4882	24.7
4883	25.8
4884	25.5
4885	28.2
4886	26.6
4887	26.4
4888	26.4
4889	24.9
4890	24.2
4891	23.4
4892	22.1
4893	21.3
4894	21
4895	20.6
4896	20.2
4897	19.9
4898	19.9
4899	19.5
4900	20.5
4901	21.7
4902	23.4
4903	25.1
4904	27.9
4905	29.7
4906	27.7
4907	29.5
4908	27.9
4909	28.2
4910	30.2
4911	28.3
4912	28
4913	27
4914	25.8
4915	24.7
4916	23.3
4917	22.2
4918	21.5
4919	20.8
4920	20.7
4921	20.3
4922	20
4923	20
4924	21.2
4925	22.5
4926	24.2
4927	25.9
4928	28.7
4929	28.6
4930	28.9
4931	30.9
4932	31.3
4933	31.1
4934	30.6
4935	29.2
4936	28.8
4937	27.1
4938	25.8
4939	24.4
4940	23.1
4941	22.1
4942	21.7
4943	21.4
4944	21.3
4945	21.1
4946	21
4947	20.6
4948	21.7
4949	23
4950	24.7
4951	25.9
4952	28.4
4953	30
4954	31
4955	31.6
4956	32.3
4957	32.6
4958	32.2
4959	31
4960	30.4
4961	29.6
4962	28.3
4963	26.9
4964	25
4965	23.6
4966	22.8
4967	22.2
4968	22
4969	21.7
4970	21.2
4971	20.7
4972	21.1
4973	21.8
4974	23.4
4975	25.7
4976	27.3
4977	28.5
4978	28.4
4979	30.9
4980	31.5
4981	32.7
4982	30.5
4983	29.1
4984	28.7
4985	27.8
4986	26.5
4987	25.1
4988	23.5
4989	22
4990	21.1
4991	20.6
4992	20.3
4993	19.8
4994	20.4
4995	20.1
4996	20.6
4997	21.5
4998	23.8
4999	25.3
5000	27
5001	27
5002	26.1
5003	26.9
5004	25.6
5005	26.4
5006	27
5007	26.3
5008	26.5
5009	26.1
5010	24.1
5011	23.1
5012	22.8
5013	22.4
5014	22
5015	21.8
5016	21.9
5017	22.3
5018	22.3
5019	22.4
5020	22.9
5021	20.2
5022	20.6
5023	22.5
5024	25
5025	27
5026	26.9
5027	27.6
5028	29.3
5029	27.2
5030	25.4
5031	26.1
5032	25.7
5033	24.4
5034	24
5035	22.9
5036	22.3
5037	22.1
5038	21.8
5039	22
5040	22
5041	21.6
5042	21.9
5043	21.5
5044	21.8
5045	23.1
5046	24
5047	26
5048	25.8
5049	27.8
5050	28.7
5051	29.1
5052	27.3
5053	27.9
5054	27.3
5055	27.4
5056	26.6
5057	25.8
5058	24.6
5059	24
5060	23.5
5061	23.1
5062	23
5063	22.9
5064	22.4
5065	22.1
5066	21.9
5067	21.6
5068	22.4
5069	22.9
5070	23.2
5071	24.4
5072	27
5073	29
5074	29.1
5075	29.8
5076	29.1
5077	29.8
5078	28.7
5079	28.3
5080	27.5
5081	26.6
5082	25.5
5083	24.5
5084	23.6
5085	22.7
5086	22.3
5087	22.1
5088	21.9
5089	22
5090	21.7
5091	21.9
5092	22.2
5093	23.7
5094	25.3
5095	27.1
5096	29
5097	30.3
5098	30
5099	30.9
5100	31.6
5101	31.1
5102	30.4
5103	29.2
5104	28.4
5105	27.7
5106	26.7
5107	25.4
5108	24.5
5109	24.1
5110	23.6
5111	23.5
5112	23.2
5113	23.5
5114	23
5115	22.8
5116	23.1
5117	24.2
5118	24.9
5119	26.3
5120	28.7
5121	29
5122	30.4
5123	29.2
5124	28.7
5125	27.2
5126	28.6
5127	27.6
5128	27.7
5129	27
5130	25.1
5131	24.2
5132	23.2
5133	22.3
5134	21.5
5135	21
5136	20.4
5137	19.8
5138	19.5
5139	19.3
5140	19.7
5141	20.1
5142	21
5143	22.2
5144	24.4
5145	25.2
5146	26.6
5147	26.2
5148	28.4
5149	28.4
5150	28
5151	28
5152	27.6
5153	27.3
5154	26.2
5155	25.2
5156	24.3
5157	23.8
5158	23.3
5159	22.7
5160	21.9
5161	21.1
5162	20.8
5163	20.3
5164	20.4
5165	20.5
5166	21.5
5167	23.2
5168	20.1
5169	19
5170	21.3
5171	23.8
5172	24.4
5173	25.3
5174	24.5
5175	23.7
5176	21.3
5177	22
5178	21.1
5179	20.6
5180	19.5
5181	19.1
5182	18.8
5183	18.5
5184	18
5185	17.9
5186	17.1
5187	17.3
5188	18.2
5189	19.2
5190	19.9
5191	21.6
5192	23.4
5193	24.4
5194	23.9
5195	25.9
5196	27.1
5197	17.4
5198	19.9
5199	19.4
5200	21.1
5201	21.9
5202	21.4
5203	19.8
5204	18.5
5205	18.6
5206	17.6
5207	16.8
5208	16.5
5209	16
5210	15.4
5211	14.8
5212	14.8
5213	15
5214	16.4
5215	17.2
5216	18.9
5217	20.3
5218	20.5
5219	21.4
5220	21.7
5221	21.8
5222	21.7
5223	21.9
5224	21.3
5225	20.9
5226	20.4
5227	19.9
5228	19.3
5229	18.4
5230	18.3
5231	17.7
5232	16.8
5233	16.1
5234	15.6
5235	15.3
5236	15.8
5237	16.8
5238	18.5
5239	19.8
5240	22.3
5241	22.4
5242	23
5243	24.8
5244	24.7
5245	25.5
5246	25
5247	24.4
5248	24
5249	24.1
5250	22.1
5251	21.4
5252	20.4
5253	19.9
5254	19.7
5255	19.4
5256	19.5
5257	19.8
5258	19.9
5259	19.4
5260	19.5
5261	21.2
5262	22.5
5263	25
5264	27.5
5265	27.4
5266	27.8
5267	28.5
5268	28.9
5269	29.3
5270	29.2
5271	28.9
5272	27.6
5273	26.6
5274	25.5
5275	24.6
5276	24.1
5277	23.7
5278	23.4
5279	23.2
5280	23.7
5281	22.8
5282	22
5283	22.1
5284	21.5
5285	21.9
5286	22.1
5287	23.1
5288	25.2
5289	26
5290	28.3
5291	29.3
5292	30.2
5293	29.8
5294	29.6
5295	29.8
5296	29.2
5297	26.9
5298	25.7
5299	24.2
5300	23.1
5301	22.5
5302	21.8
5303	21.3
5304	21.5
5305	20.8
5306	20.9
5307	20.7
5308	21.6
5309	22.7
5310	23.6
5311	23.4
5312	24.4
5313	26.6
5314	26.1
5315	28
5316	27.3
5317	28.1
5318	26.2
5319	26.1
5320	26.1
5321	24.5
5322	22.6
5323	21.1
5324	19.5
5325	19
5326	18.2
5327	17.4
5328	16.8
5329	16.3
5330	15.8
5331	15.4
5332	15.5
5333	16
5334	17.3
5335	18.3
5336	19.9
5337	20.8
5338	20.9
5339	22.2
5340	22.7
5341	22.6
5342	22.8
5343	21.5
5344	20.9
5345	19.7
5346	19.1
5347	18.5
5348	18.3
5349	17.9
5350	17.2
5351	15.9
5352	15.2
5353	14.5
5354	14
5355	13.7
5356	13.5
5357	13.8
5358	15.3
5359	15.9
5360	15.1
5361	15.3
5362	15.7
5363	16.1
5364	15.7
5365	14.6
5366	15.3
5367	14.9
5368	14.4
5369	13.4
5370	12.8
5371	12.5
5372	12.6
5373	12.7
5374	12.7
5375	12.8
5376	13
5377	12.5
5378	12.4
5379	12.2
5380	12.2
5381	13
5382	14
5383	15.5
5384	17.4
5385	18.4
5386	18.4
5387	19.3
5388	20.5
5389	21.2
5390	19.7
5391	19.8
5392	19.9
5393	19.4
5394	18.7
5395	17.6
5396	16.6
5397	15.5
5398	15
5399	14.8
5400	14.5
5401	13.8
5402	13.1
5403	12.7
5404	13.8
5405	15.4
5406	17.1
5407	18.6
5408	21.7
5409	20.2
5410	20.5
5411	19.6
5412	18.7
5413	19.3
5414	18.7
5415	17.4
5416	17.3
5417	17.3
5418	17
5419	16.6
5420	16.2
5421	15.9
5422	15.4
5423	14.6
5424	14.2
5425	13.5
5426	13.3
5427	13.4
5428	13.6
5429	14.1
5430	14.3
5431	15.4
5432	16.5
5433	17.1
5434	19.5
5435	19.4
5436	19.8
5437	20.6
5438	20.9
5439	19.8
5440	19.2
5441	18.7
5442	18.1
5443	17.1
5444	16.2
5445	16
5446	15.6
5447	14.9
5448	14.6
5449	15.4
5450	15.6
5451	15.2
5452	15.4
5453	16.2
5454	18.2
5455	20
5456	21.8
5457	22.8
5458	22.9
5459	23.7
5460	25
5461	25.1
5462	23.1
5463	22.8
5464	22.4
5465	21.4
5466	20.8
5467	20.4
5468	19.9
5469	19.6
5470	19.4
5471	19.2
5472	19
5473	19
5474	19.1
5475	19.1
5476	19.1
5477	19.6
5478	20.4
5479	22
5480	23
5481	24.1
5482	25.7
5483	26
5484	27
5485	26.2
5486	24.7
5487	23.9
5488	21.1
5489	18.7
5490	18.4
5491	18.3
5492	16.6
5493	16.5
5494	16
5495	15.7
5496	15.4
5497	14.8
5498	12
5499	14.3
5500	14.2
5501	14.9
5502	15.9
5503	16.7
5504	18.8
5505	19.5
5506	20
5507	20.5
5508	21.7
5509	20.8
5510	21
5511	21.1
5512	20.7
5513	20.2
5514	19.7
5515	19.4
5516	18.7
5517	18.6
5518	18
5519	18.1
5520	18
5521	17.4
5522	17.6
5523	17.9
5524	16.9
5525	16.9
5526	17.1
5527	17.8
5528	18.8
5529	18.7
5530	18.9
5531	20.6
5532	20.8
5533	20.8
5534	20.7
5535	20.45
5536	20.2
5537	19.6
5538	18.4
5539	17.8
5540	17.4
5541	17.2
5542	17
5543	16.5
5544	16.4
5545	15
5546	14.7
5547	14.8
5548	14.9
5549	15.5
5550	16.4
5551	16.9
5552	17.4
5553	17.8
5554	17.9
5555	18.8
5556	18.8
5557	19.1
5558	18.5
5559	18.5
5560	17.4
5561	16.2
5562	15.2
5563	14.8
5564	14.5
5565	14
5566	13.6
5567	12.9
5568	12.6
5569	12.1
5570	11.5
5571	10.9
5572	10.8
5573	11.2
5574	12.7
5575	13.7
5576	15.3
5577	16.4
5578	16.8
5579	18.2
5580	19.1
5581	19.3
5582	19.1
5583	18.9
5584	18.8
5585	18
5586	17.3
5587	16.1
5588	15.6
5589	14.9
5590	14
5591	13.3
5592	12.4
5593	12.7
5594	12.2
5595	12.3
5596	13.3
5597	13.2
5598	15.4
5599	18
5600	20.1
5601	20.4
5602	20.8
5603	21.4
5604	20.3
5605	20.3
5606	20.6
5607	19.4
5608	19.4
5609	19.7
5610	19.4
5611	19
5612	19.1
5613	19.3
5614	19.5
5615	19.6
5616	19.3
5617	18.9
5618	18.8
5619	17.9
5620	18
5621	18.1
5622	19.4
5623	20.3
5624	21.1
5625	21.7
5626	23.1
5627	23.6
5628	25
5629	24.3
5630	23.6
5631	23.8
5632	23.5
5633	22.5
5634	20.6
5635	19.7
5636	19.3
5637	19.1
5638	18.5
5639	18.7
5640	18.3
5641	18.1
5642	18
5643	17.6
5644	17.7
5645	17.9
5646	18.8
5647	20.1
5648	22.7
5649	23.5
5650	24.2
5651	24.4
5652	25.2
5653	22.5
5654	20.8
5655	20.3
5656	20.5
5657	20.4
5658	19.4
5659	17.7
5660	14.3
5661	14.1
5662	13.6
5663	13.2
5664	12.9
5665	12.9
5666	12.6
5667	12.3
5668	11.9
5669	12.6
5670	13.5
5671	14.7
5672	16.1
5673	17.5
5674	17.7
5675	18.1
5676	18.6
5677	19.6
5678	18.3
5679	18.2
5680	18
5681	16.7
5682	16.2
5683	15.6
5684	14.5
5685	14.3
5686	14.2
5687	13.6
5688	13.8
5689	14.2
5690	13.8
5691	13.9
5692	11.6
5693	11.5
5694	12.3
5695	13.3
5696	15.2
5697	15.3
5698	14.6
5699	16.7
5700	18.4
5701	19.1
5702	18.3
5703	18.3
5704	16.8
5705	11.7
5706	11.7
5707	11.1
5708	11.6
5709	11.4
5710	11.3
5711	11
5712	11.3
5713	10.7
5714	10.4
5715	10.2
5716	10.4
5717	11.3
5718	12
5719	12.9
5720	13.4
5721	15.1
5722	16.5
5723	17.7
5724	18
5725	17.8
5726	17.9
5727	17.1
5728	16.8
5729	15.4
5730	12.3
5731	12.4
5732	12.5
5733	12.8
5734	13.1
5735	13.5
5736	13.4
5737	13.5
5738	13.5
5739	13.8
5740	14.1
5741	14.5
5742	15.5
5743	16
5744	18.7
5745	19.6
5746	20.1
5747	21.1
5748	21.5
5749	20.1
5750	19.3
5751	19.6
5752	20.3
5753	18.1
5754	17.4
5755	16.6
5756	16.1
5757	15.9
5758	15.2
5759	14.8
5760	14.6
5761	14.3
5762	14.1
5763	14.4
5764	14
5765	14.7
5766	16
5767	17.7
5768	19.7
5769	20.2
5770	19.5
5771	20.3
5772	20.2
5773	20.6
5774	19.8
5775	19
5776	18.4
5777	17.8
5778	16.6
5779	16
5780	15.5
5781	15.3
5782	14.8
5783	14.6
5784	14.3
5785	14.2
5786	12.1
5787	14.1
5788	14.3
5789	15.1
5790	16.5
5791	17.3
5792	17.7
5793	19.3
5794	19.6
5795	20.1
5796	20.3
5797	19.9
5798	19.5
5799	19.5
5800	18.8
5801	18.5
5802	17.7
5803	17.3
5804	16.9
5805	16.5
5806	16.5
5807	16.2
5808	16.1
5809	15.7
5810	15.7
5811	15.2
5812	15.2
5813	15.4
5814	15.4
5815	15.7
5816	16.6
5817	17.1
5818	17.4
5819	17.7
5820	17.2
5821	16.9
5822	16.7
5823	16.5
5824	15.6
5825	15.4
5826	15.1
5827	15.1
5828	15
5829	14.8
5830	15
5831	14.8
5832	14.6
5833	14.5
5834	14.3
5835	14.3
5836	14.4
5837	14.7
5838	15.2
5839	15.7
5840	16
5841	17.5
5842	19.3
5843	18.9
5844	19.9
5845	19.9
5846	19.7
5847	19.5
5848	19
5849	17.7
5850	16.4
5851	15.2
5852	14.4
5853	13.7
5854	13.3
5855	12.9
5856	12.8
5857	12.6
5858	12.2
5859	12.3
5860	12.1
5861	12.5
5862	14.3
5863	16.1
5864	18.5
5865	19.6
5866	20.4
5867	21.5
5868	22.8
5869	22.8
5870	21.7
5871	21.3
5872	21.2
5873	20.5
5874	19.1
5875	17.9
5876	16.5
5877	15.9
5878	15.6
5879	15.4
5880	15.3
5881	14.5
5882	13.9
5883	13.6
5884	13.9
5885	14.5
5886	16.5
5887	18.8
5888	20.9
5889	21.6
5890	22.2
5891	23.5
5892	24
5893	22.5
5894	22.1
5895	21
5896	21.3
5897	20.2
5898	18.8
5899	17.8
5900	16.6
5901	16
5902	15.4
5903	14.9
5904	14.5
5905	14.4
5906	13.6
5907	13.8
5908	13.4
5909	14
5910	16
5911	17.5
5912	18.6
5913	19.5
5914	20.2
5915	21.6
5916	21.6
5917	21.5
5918	21.9
5919	20.6
5920	20.1
5921	19.7
5922	18.2
5923	17.6
5924	16.5
5925	15.9
5926	15.5
5927	15.5
5928	15.2
5929	14.8
5930	14.6
5931	14.1
5932	13.6
5933	10.8
5934	14.7
5935	16.3
5936	18.2
5937	19.6
5938	20.4
5939	20.1
5940	22
5941	20.2
5942	20.7
5943	20.9
5944	20.3
5945	19.5
5946	18.4
5947	17.5
5948	17.4
5949	16.4
5950	15.7
5951	15.3
5952	14.8
5953	14.5
5954	14
5955	14
5956	13.6
5957	13.3
5958	13.4
5959	13.3
5960	13.9
5961	15.4
5962	15.7
5963	17
5964	18.5
5965	17.9
5966	17.7
5967	17.3
5968	17.2
5969	16.9
5970	16.4
5971	15.6
5972	14.9
5973	14
5974	13.6
5975	13.6
5976	13.9
5977	13.8
5978	13.1
5979	12.9
5980	12.8
5981	13.2
5982	13.7
5983	15
5984	16.3
5985	17.4
5986	18.9
5987	19.1
5988	18.5
5989	17.9
5990	18.2
5991	18.5
5992	18
5993	17.3
5994	17
5995	16.7
5996	16.9
5997	17.1
5998	17.2
5999	17.1
6000	16.9
6001	16.2
6002	15.6
6003	15.4
6004	15.3
6005	15.4
6006	16.7
6007	18.7
6008	20.8
6009	21.7
6010	22.1
6011	22
6012	20.7
6013	21
6014	20.6
6015	19.7
6016	18.9
6017	18.8
6018	16.6
6019	15.4
6020	14.9
6021	15.2
6022	14.2
6023	14.1
6024	13.4
6025	13.3
6026	12.9
6027	12.7
6028	12.7
6029	13.8
6030	14.6
6031	15.2
6032	17.9
6033	19
6034	18.9
6035	20.5
6036	20.9
6037	21.6
6038	20.8
6039	19.3
6040	18.5
6041	17.6
6042	16.5
6043	16.2
6044	16.1
6045	15.4
6046	15.4
6047	15.2
6048	15.1
6049	15.2
6050	15.3
6051	14.9
6052	14.4
6053	14.9
6054	16.5
6055	17.3
6056	18.1
6057	19.1
6058	18.8
6059	19
6060	18.7
6061	18.9
6062	18.8
6063	17.3
6064	15.8
6065	15.9
6066	15.9
6067	15.1
6068	14.5
6069	14.2
6070	14.3
6071	13.9
6072	13.8
6073	13.6
6074	13.5
6075	13.3
6076	12.9
6077	12.8
6078	13.4
6079	14.1
6080	15.4
6081	16.7
6082	17.1
6083	16.8
6084	16.6
6085	16.2
6086	15.7
6087	14.2
6088	13.4
6089	13.3
6090	13.7
6091	14.1
6092	14.1
6093	14.3
6094	14
6095	14
6096	14.1
6097	13.8
6098	13.4
6099	13.1
6100	12.6
6101	12.6
6102	12.8
6103	13.7
6104	15.1
6105	16.3
6106	17.1
6107	17.5
6108	17.9
6109	17.8
6110	17.5
6111	17
6112	16.2
6113	15.3
6114	14.5
6115	14.1
6116	13.6
6117	13.2
6118	12.7
6119	12.5
6120	12.2
6121	12
6122	11.7
6123	11.3
6124	11.2
6125	11.4
6126	12.2
6127	13.1
6128	14.4
6129	15.2
6130	15.8
6131	16.9
6132	17.5
6133	17
6134	17
6135	16.7
6136	15.7
6137	15.1
6138	14.3
6139	13.9
6140	13.4
6141	13
6142	12.7
6143	12.1
6144	11.6
6145	11.5
6146	11.3
6147	11.1
6148	11.1
6149	11.4
6150	12.1
6151	13.4
6152	14.6
6153	14.6
6154	15.9
6155	16.9
6156	17.7
6157	17.5
6158	17.4
6159	16.3
6160	15.7
6161	15.2
6162	14.4
6163	14.3
6164	14.2
6165	14.3
6166	14.1
6167	14
6168	14
6169	13.8
6170	13.6
6171	13.5
6172	13.6
6173	13
6174	12.5
6175	12.8
6176	13.7
6177	14.9
6178	15.8
6179	15.7
6180	16.9
6181	16.2
6182	16.6
6183	16.4
6184	15.8
6185	14.6
6186	13.7
6187	13.2
6188	12.4
6189	11.9
6190	11.6
6191	11.2
6192	10.9
6193	10.7
6194	10.2
6195	9.9
6196	9.5
6197	9.4
6198	10.3
6199	11.4
6200	13.5
6201	13.8
6202	14.6
6203	15.5
6204	16.5
6205	15.9
6206	15.7
6207	15.2
6208	14.8
6209	14.6
6210	14.2
6211	13.5
6212	12.9
6213	12.8
6214	11.3
6215	11.9
6216	11.9
6217	11.8
6218	12
6219	12.2
6220	12.4
6221	12.9
6222	13.3
6223	13.9
6224	14.3
6225	15.7
6226	16.3
6227	16.7
6228	16.3
6229	16.1
6230	15.8
6231	15.7
6232	15.2
6233	14.2
6234	13.2
6235	12.8
6236	12.1
6237	12.1
6238	12.3
6239	12.3
6240	12.1
6241	12.1
6242	11.8
6243	11.8
6244	11.8
6245	11.7
6246	12.9
6247	13.9
6248	14.9
6249	16.3
6250	17.3
6251	18.7
6252	20
6253	20.3
6254	20.5
6255	20.8
6256	20.2
6257	18.6
6258	17.5
6259	16.8
6260	16.4
6261	15.6
6262	17.4
6263	18.5
6264	17.1
6265	17
6266	16.5
6267	16
6268	16.3
6269	16.3
6270	16.6
6271	17.4
6272	18.2
6273	19
6274	20.1
6275	21.3
6276	22.2
6277	21.7
6278	21.1
6279	20.7
6280	19.9
6281	19.3
6282	18.6
6283	17.9
6284	17
6285	17.3
6286	17.5
6287	16.7
6288	16.7
6289	16.4
6290	16.2
6291	16.1
6292	16.1
6293	16.2
6294	16.6
6295	17.2
6296	18
6297	17.7
6298	18
6299	18.4
6300	17.8
6301	18.1
6302	17.8
6303	17.6
6304	17.4
6305	16.5
6306	15.9
6307	15.6
6308	14.2
6309	13.4
6310	13.1
6311	12.5
6312	12.5
6313	12.8
6314	13.1
6315	12.9
6316	12.9
6317	13.8
6318	14.6
6319	15.7
6320	16.8
6321	17.7
6322	17.9
6323	18
6324	19
6325	20.1
6326	18.8
6327	18.8
6328	18.8
6329	19.4
6330	17.9
6331	14.4
6332	13
6333	11.9
6334	11.8
6335	11.8
6336	11.5
6337	11.1
6338	10.9
6339	10.8
6340	11
6341	11.4
6342	11.6
6343	12.3
6344	12.2
6345	14
6346	14.2
6347	14.6
6348	15.2
6349	16
6350	15.7
6351	15.1
6352	13.8
6353	12.6
6354	11.9
6355	11.2
6356	10.5
6357	9.7
6358	9.2
6359	8.7
6360	8.6
6361	8.6
6362	8.4
6363	8.4
6364	8.5
6365	8.6
6366	9.4
6367	10.2
6368	11.1
6369	12.4
6370	12.7
6371	14.1
6372	13.6
6373	13.1
6374	13.3
6375	13.3
6376	12.7
6377	11.3
6378	10.7
6379	10.6
6380	9.4
6381	9.1
6382	8.4
6383	7.6
6384	7.1
6385	6.4
6386	5.7
6387	5.2
6388	4.8
6389	4.7
6390	5.3
6391	6.3
6392	8
6393	8.8
6394	10
6395	10.7
6396	10.7
6397	11
6398	9.3
6399	10.2
6400	10
6401	9.4
6402	9
6403	8.4
6404	7.9
6405	7.2
6406	6.5
6407	5.9
6408	5.2
6409	4.8
6410	4.4
6411	3.9
6412	3.7
6413	3.6
6414	4.6
6415	5.9
6416	7.2
6417	9.1
6418	10.1
6419	11.2
6420	11.7
6421	11.5
6422	11.8
6423	11.6
6424	11.1
6425	10.7
6426	10.7
6427	10.1
6428	9.9
6429	9.8
6430	9.9
6431	10.1
6432	10.4
6433	10.5
6434	11.2
6435	11.3
6436	9.9
6437	9.4
6438	9.2
6439	9.3
6440	9.8
6441	10.9
6442	11.9
6443	12.9
6444	13.5
6445	14.5
6446	15.2
6447	15.1
6448	13
6449	11.2
6450	10.8
6451	10.7
6452	10.8
6453	11.5
6454	11.3
6455	10.9
6456	10.1
6457	9.2
6458	9
6459	10.1
6460	10
6461	8.7
6462	9.4
6463	10
6464	11.2
6465	11.9
6466	12.2
6467	12.9
6468	12.6
6469	12.6
6470	12.3
6471	10
6472	8.5
6473	8.4
6474	8.1
6475	8.2
6476	7.6
6477	7.2
6478	7.1
6479	6
6480	5.8
6481	5.5
6482	5.5
6483	5.3
6484	5.2
6485	5.1
6486	5.9
6487	6.4
6488	7.3
6489	7.5
6490	8.3
6491	8.8
6492	9
6493	7.6
6494	7.3
6495	8
6496	8.1
6497	7.6
6498	6.8
6499	7
6500	6.7
6501	6.1
6502	5.4
6503	4.6
6504	4
6505	3.3
6506	3.9
6507	3.3
6508	3.5
6509	3.7
6510	3.9
6511	5.5
6512	7
6513	8.6
6514	10.4
6515	10.7
6516	11.5
6517	10.1
6518	10.3
6519	10
6520	9.8
6521	9.9
6522	10.3
6523	10.4
6524	10.3
6525	10.1
6526	9.8
6527	10
6528	10.5
6529	10.7
6530	10.4
6531	10.4
6532	10.5
6533	10.5
6534	10.6
6535	10.9
6536	11.5
6537	12.5
6538	13.2
6539	13.1
6540	13.1
6541	13.9
6542	13.8
6543	13.5
6544	12.7
6545	10.8
6546	10.7
6547	10.4
6548	10
6549	9.5
6550	8.9
6551	8.6
6552	8.5
6553	8.4
6554	8.2
6555	7.8
6556	7.4
6557	7.6
6558	8.1
6559	8.3
6560	9
6561	9.7
6562	10
6563	12
6564	11.1
6565	10.9
6566	11
6567	10.5
6568	9.8
6569	8.8
6570	8.1
6571	7.3
6572	7.1
6573	7.3
6574	7
6575	7.3
6576	6.6
6577	6.4
6578	6.3
6579	4.1
6580	5.8
6581	5.7
6582	6.5
6583	7.5
6584	8
6585	8.4
6586	8.7
6587	9.3
6588	9.7
6589	9.4
6590	9.3
6591	8.8
6592	7.9
6593	7.2
6594	7.1
6595	7.3
6596	7
6597	7
6598	7
6599	7
6600	6.6
6601	6.5
6602	6.5
6603	6.7
6604	6.2
6605	6.1
6606	6.5
6607	6.7
6608	7.2
6609	7.5
6610	8.3
6611	9
6612	9.4
6613	9.5
6614	8.8
6615	8.5
6616	7.6
6617	6.7
6618	6
6619	5.7
6620	5.8
6621	5.9
6622	4.7
6623	3.9
6624	3.6
6625	3.6
6626	3.1
6627	3
6628	2.7
6629	2.4
6630	2.4
6631	3.2
6632	5.1
6633	6.3
6634	7.5
6635	8.8
6636	8.6
6637	8.9
6638	8.9
6639	8.5
6640	8.2
6641	7.3
6642	6.8
6643	6.8
6644	7.4
6645	7.8
6646	8.3
6647	8.9
6648	9.3
6649	9.6
6650	10.4
6651	10.9
6652	11.3
6653	12.2
6654	12.4
6655	13.1
6656	13.6
6657	14.3
6658	15.3
6659	16
6660	15.6
6661	15.1
6662	14.5
6663	13.9
6664	13
6665	12.4
6666	11.4
6667	10.5
6668	10.7
6669	10.3
6670	9.8
6671	9.5
6672	9.4
6673	9.2
6674	9.1
6675	9.4
6676	9.5
6677	9.4
6678	9.5
6679	9.8
6680	10.1
6681	11
6682	10.8
6683	11.3
6684	11.4
6685	11
6686	10.9
6687	10.5
6688	10
6689	9.8
6690	9.6
6691	9.3
6692	9.1
6693	9
6694	8.9
6695	8.6
6696	8.5
6697	8.6
6698	8.2
6699	7.5
6700	7
6701	6.4
6702	6.5
6703	6.6
6704	6.2
6705	7.1
6706	8.6
6707	9.7
6708	9.2
6709	9.1
6710	8.9
6711	8.6
6712	7.7
6713	7.2
6714	6.7
6715	6.6
6716	5.8
6717	5.3
6718	4.8
6719	4.4
6720	4.7
6721	5.3
6722	6.1
6723	6.4
6724	6.4
6725	6.7
6726	7.3
6727	7.8
6728	8.6
6729	7.7
6730	7.3
6731	7.9
6732	8.6
6733	9.2
6734	9.5
6735	10.1
6736	10.4
6737	10.5
6738	11
6739	10.9
6740	11.7
6741	11.3
6742	11.1
6743	10.9
6744	10.9
6745	11.1
6746	11.3
6747	11.6
6748	11.8
6749	11.9
6750	12.1
6751	12.8
6752	13.4
6753	14.3
6754	14.9
6755	15.1
6756	14.9
6757	14.8
6758	14.7
6759	14.8
6760	14.7
6761	14.2
6762	14.1
6763	14.1
6764	14.2
6765	14.2
6766	13.8
6767	14
6768	13.9
6769	13.8
6770	13.9
6771	13.9
6772	14
6773	14
6774	13.9
6775	13.9
6776	14.1
6777	14.4
6778	15.1
6779	15.5
6780	15.5
6781	14.9
6782	14.8
6783	14.6
6784	14.2
6785	14.1
6786	14
6787	13.9
6788	13.9
6789	13.9
6790	13.8
6791	13.5
6792	13.5
6793	13.5
6794	13.2
6795	12.6
6796	11.9
6797	11.1
6798	10.9
6799	11.1
6800	12.5
6801	13
6802	13
6803	12.7
6804	12.4
6805	11.7
6806	11.4
6807	11.1
6808	10.3
6809	9.8
6810	9.3
6811	9
6812	9
6813	9.4
6814	9.2
6815	9.1
6816	9.7
6817	9.1
6818	8.9
6819	9.5
6820	9.8
6821	10.2
6822	10.4
6823	11.3
6824	12.1
6825	13.6
6826	15.1
6827	16.1
6828	16.8
6829	17.1
6830	15.7
6831	14.6
6832	13.3
6833	11.9
6834	11.4
6835	11.2
6836	11.5
6837	11.4
6838	11.2
6839	10.9
6840	10.6
6841	10.3
6842	10.9
6843	11
6844	10.8
6845	11.1
6846	10.6
6847	12.1
6848	13.5
6849	15.4
6850	16.8
6851	17.8
6852	18.3
6853	19.1
6854	18.7
6855	17.5
6856	15.7
6857	15.2
6858	14.8
6859	14.4
6860	14.2
6861	14.1
6862	14.7
6863	14.1
6864	13.7
6865	14.1
6866	13.6
6867	13.5
6868	12.6
6869	11.9
6870	11.1
6871	11.5
6872	12.8
6873	15.6
6874	17.1
6875	17.7
6876	16.7
6877	16.2
6878	15.9
6879	15.5
6880	13.9
6881	13.1
6882	12.8
6883	12.9
6884	12.8
6885	12.3
6886	12.4
6887	12.6
6888	12.3
6889	12
6890	11.7
6891	11.6
6892	11.5
6893	11
6894	10.8
6895	11.7
6896	12.9
6897	14.9
6898	17
6899	18.6
6900	18.7
6901	18.3
6902	17.4
6903	16.1
6904	13.6
6905	12.2
6906	11.8
6907	11.7
6908	11.2
6909	11
6910	10.6
6911	10.5
6912	10.2
6913	10.4
6914	10.3
6915	9.9
6916	9.7
6917	9.667
6918	9.633
6919	9.6
6920	9.747
6921	9.894
6922	10.041
6923	10.188
6924	10.334
6925	10.481
6926	10.628
6927	10.775
6928	10.922
6929	11.069
6930	11.216
6931	11.363
6932	11.509
6933	11.656
6934	11.803
6935	11.95
6936	12.097
6937	12.244
6938	12.391
6939	12.538
6940	12.684
6941	12.831
6942	12.978
6943	13.125
6944	13.272
6945	13.419
6946	13.566
6947	13.713
6948	13.859
6949	14.006
6950	14.153
6951	14.3
6952	13.1
6953	12
6954	11.8
6955	12.2
6956	13.2
6957	14.3
6958	14.6
6959	14.3
6960	13.9
6961	13.6
6962	13.3
6963	13.3
6964	12.8
6965	12.8
6966	12.6
6967	12
6968	11.9
6969	12.3
6970	12
6971	13.4
6972	12.9
6973	13.3
6974	13.4
6975	12.9
6976	11.9
6977	10.3
6978	9.5
6979	9.1
6980	8.6
6981	7.6
6982	7.1
6983	6.5
6984	6.1
6985	5.9
6986	5.8
6987	5.5
6988	5.1
6989	5.4
6990	5
6991	5.9
6992	6.7
6993	6.3
6994	8.8
6995	10.9
6996	10.4
6997	10.9
6998	10.6
6999	10.1
7000	9
7001	8.4
7002	8.3
7003	7.9
7004	7.6
7005	7
7006	6.7
7007	6.2
7008	6.4
7009	6.3
7010	6.4
7011	6.6
7012	6.7
7013	7
7014	7.6
7015	7.5
7016	8.3
7017	9.9
7018	9.7
7019	9.8
7020	10
7021	9.9
7022	9.6
7023	9.5
7024	9.1
7025	8.7
7026	8.3
7027	8.2
7028	7.5
7029	6.9
7030	6.1
7031	5.5
7032	5.2
7033	5.1
7034	4.3
7035	4
7036	4
7037	4.6
7038	5.7
7039	6.8
7040	7.6
7041	7.6
7042	8.4
7043	9.7
7044	10.7
7045	11
7046	10.3
7047	10.3
7048	10.8
7049	11.4
7050	12.1
7051	12.3
7052	12.3
7053	12.4
7054	12.6
7055	13.1
7056	14.2
7057	13.9
7058	12.5
7059	11.7
7060	10.9
7061	9.6
7062	9.1
7063	9.5
7064	9.6
7065	10.1
7066	10.5
7067	10.5
7068	10
7069	10.2
7070	10
7071	9.7
7072	9.2
7073	8.5
7074	8.4
7075	7.8
7076	7.3
7077	7.2
7078	7.4
7079	6.8
7080	7
7081	6.2
7082	6.1
7083	6.1
7084	6.2
7085	6.2
7086	6.5
7087	6.8
7088	7.1
7089	7.5
7090	7.1
7091	6.1
7092	6.2
7093	6.2
7094	5.8
7095	5.4
7096	5.1
7097	4.9
7098	4.4
7099	4.2
7100	4.2
7101	4.5
7102	4.4
7103	4.2
7104	4
7105	3.7
7106	3.6
7107	3.1
7108	2.9
7109	2.4
7110	2.4
7111	2.8
7112	3.8
7113	4.5
7114	5.7
7115	6.5
7116	6.8
7117	7.3
7118	7.4
7119	7.3
7120	7.1
7121	6.6
7122	6
7123	5.2
7124	5.1
7125	4.6
7126	4.1
7127	4.2
7128	3.9
7129	4
7130	3.3
7131	3.6
7132	3.7
7133	3.7
7134	3.8
7135	4
7136	4.1
7137	4.8
7138	6.4
7139	6.4
7140	6.1
7141	6.8
7142	6.2
7143	5.5
7144	4.9
7145	4.7
7146	4.9
7147	4.2
7148	3.7
7149	3.5
7150	3.2
7151	2.6
7152	1.9
7153	1.7
7154	1.6
7155	1.3
7156	1.1
7157	0.6
7158	1
7159	2
7160	1.9
7161	3.2
7162	4.3
7163	4.4
7164	4.6
7165	4.6
7166	4.3
7167	3.4
7168	3.2
7169	2.4
7170	1.6
7171	1.2
7172	0.8
7173	0.7
7174	0.3
7175	0.7
7176	0.8
7177	1.5
7178	1.4
7179	1.2
7180	1.3
7181	1.9
7182	1.9
7183	2.3
7184	3
7185	3.5
7186	4
7187	3.2
7188	3.2
7189	2.9
7190	3.2
7191	2.9
7192	2.8
7193	2.6
7194	2.9
7195	3.1
7196	2.4
7197	2.6
7198	2.3
7199	2.4
7200	2.2
7201	2
7202	1.6
7203	1.5
7204	1.1
7205	0
7206	0.6
7207	0.5
7208	0.8
7209	2.2
7210	2.4
7211	3.8
7212	2.9
7213	3
7214	2.5
7215	1.8
7216	1
7217	0.9
7218	0.1
7219	-0.1
7220	-0.2
7221	0
7222	-0.6
7223	-0.4
7224	-0.5
7225	-0.3
7226	0.5
7227	1.2
7228	1
7229	1.1
7230	0.7
7231	0.7
7232	2.5
7233	2.1
7234	2.4
7235	4
7236	3.8
7237	4.1
7238	3.7
7239	3.4
7240	3.5
7241	3.6
7242	4.1
7243	4.3
7244	4.1
7245	4.1
7246	3.9
7247	3.8
7248	3.6
7249	3.7
7250	3.6
7251	3.2
7252	3.2
7253	3.5
7254	3.7
7255	4
7256	4.3
7257	4.9
7258	5.5
7259	6
7260	6.6
7261	7
7262	7.4
7263	7.7
7264	7.9
7265	7.9
7266	8.1
7267	8.4
7268	8.7
7269	9.3
7270	9.7
7271	10
7272	10.8
7273	11
7274	11.2
7275	11
7276	10.3
7277	10.2
7278	9.4
7279	8.6
7280	8.9
7281	9.5
7282	9.4
7283	9.9
7284	9.5
7285	8.7
7286	8.5
7287	9
7288	9.3
7289	9.2
7290	9
7291	9
7292	8.3
7293	8
7294	8.2
7295	8.1
7296	7.1
7297	6.4
7298	6.4
7299	6.7
7300	6.8
7301	6.6
7302	6.6
7303	6.9
7304	7.4
7305	8.4
7306	8.8
7307	8.9
7308	9.2
7309	9
7310	8.5
7311	7.7
7312	7.2
7313	7.2
7314	7.8
7315	8.4
7316	8.1
7317	7.9
7318	7.9
7319	8
7320	8.4
7321	9.2
7322	9.4
7323	9.5
7324	9.6
7325	9.5
7326	9.5
7327	9.6
7328	9.9
7329	10
7330	10.4
7331	10.7
7332	10.1
7333	9.5
7334	9.5
7335	9.6
7336	8.4
7337	8.7
7338	9.1
7339	9.7
7340	9.2
7341	9
7342	9.2
7343	9.2
7344	9.2
7345	9.4
7346	9.6
7347	9.8
7348	9.5
7349	9.2
7350	9.4
7351	9.2
7352	9.2
7353	9.2
7354	9.2
7355	9.1
7356	9
7357	8.8
7358	8.1
7359	8.1
7360	8.1
7361	7.7
7362	6.5
7363	5.8
7364	5.9
7365	5.5
7366	5.5
7367	5.7
7368	5.6
7369	5.5
7370	5.4
7371	5
7372	5.1
7373	5
7374	4.9
7375	4.8
7376	5.2
7377	6.3
7378	8
7379	8.2
7380	8.3
7381	8.4
7382	7.9
7383	6.5
7384	5.6
7385	4.8
7386	4.5
7387	4.2
7388	4.1
7389	4.5
7390	5.5
7391	6.2
7392	6.9
7393	7.1
7394	7.3
7395	7.7
7396	7.8
7397	7.9
7398	7.9
7399	7.5
7400	7.6
7401	7.7
7402	8.1
7403	8.4
7404	8.5
7405	8.4
7406	8.3
7407	8.2
7408	8.2
7409	8.3
7410	8
7411	8
7412	7.8
7413	7.9
7414	8.1
7415	8
7416	8.1
7417	8.1
7418	8.2
7419	8.2
7420	8.3
7421	8.3
7422	8.5
7423	8.7
7424	9.2
7425	8.8
7426	8.3
7427	8.3
7428	8.1
7429	8.2
7430	8.2
7431	8.1
7432	8.2
7433	8.3
7434	8.5
7435	8.5
7436	8.5
7437	8.5
7438	8.1
7439	7.9
7440	7.6
7441	7.4
7442	7.2
7443	7.2
7444	7.3
7445	7.2
7446	7.1
7447	7.1
7448	7.1
7449	7.1
7450	7.3
7451	7.3
7452	7.5
7453	7.4
7454	7.3
7455	7.5
7456	7.3
7457	7.4
7458	7.3
7459	7
7460	7.2
7461	7.3
7462	7.3
7463	7
7464	7.2
7465	7
7466	7.1
7467	7.1
7468	7.2
7469	7.3
7470	7.4
7471	7.6
7472	7.8
7473	8
7474	8.1
7475	8.4
7476	8.1
7477	8.2
7478	8.2
7479	8.3
7480	8.4
7481	8.5
7482	8.3
7483	8.3
7484	8.2
7485	8.2
7486	7.8
7487	7.8
7488	7.7
7489	7.7
7490	7.6
7491	7.7
7492	7.9
7493	7.7
7494	7.6
7495	7.4
7496	7.6
7497	7.6
7498	7.9
7499	8
7500	8.2
7501	8.1
7502	8
7503	8.1
7504	8
7505	7.8
7506	7.6
7507	7.6
7508	7.5
7509	7.5
7510	7.5
7511	7.3
7512	7.4
7513	7.5
7514	7.4
7515	7.4
7516	7.3
7517	7
7518	6.9
7519	7
7520	7.1
7521	7.4
7522	7.5
7523	7.4
7524	7.4
7525	7.2
7526	7.1
7527	7.2
7528	6.7
7529	6.7
7530	7
7531	7.3
7532	7.5
7533	7.7
7534	7.8
7535	8.2
7536	8.3
7537	8.3
7538	8.3
7539	8.3
7540	8.3
7541	8.3
7542	8.2
7543	8
7544	8.3
7545	8.5
7546	8.7
7547	8.6
7548	8.4
7549	8.1
7550	7.7
7551	7.3
7552	7.4
7553	7.4
7554	7.1
7555	7
7556	6.9
7557	6.9
7558	7.1
7559	7.2
7560	7.4
7561	7.7
7562	8
7563	8.1
7564	8.1
7565	8.2
7566	8.3
7567	8.3
7568	8.4
7569	8.7
7570	8.8
7571	9.1
7572	9.1
7573	9.1
7574	9
7575	8.6
7576	8.5
7577	8.1
7578	8.4
7579	8.5
7580	8.5
7581	8.5
7582	8.3
7583	8.1
7584	8.2
7585	8.1
7586	8.2
7587	7.7
7588	7.9
7589	7.6
7590	7.7
7591	7.7
7592	7.8
7593	7.8
7594	8
7595	7.9
7596	8.1
7597	8.2
7598	8.3
7599	8.2
7600	8
7601	8.3
7602	8.5
7603	8.2
7604	7.9
7605	7.7
7606	7.8
7607	7.5
7608	7.5
7609	7.5
7610	7.5
7611	7.6
7612	7.6
7613	7.6
7614	7.8
7615	8.1
7616	8.2
7617	7.9
7618	8
7619	8.1
7620	8.2
7621	8.2
7622	8.1
7623	8.1
7624	8.1
7625	8
7626	7.9
7627	7.6
7628	7.6
7629	7.2
7630	7.2
7631	7.2
7632	6.7
7633	6.2
7634	6.1
7635	6.1
7636	5.7
7637	5.7
7638	6.1
7639	6.5
7640	7.1
7641	7.7
7642	8.8
7643	9.3
7644	9.4
7645	9.1
7646	8.6
7647	8.7
7648	8.7
7649	9
7650	9.1
7651	9.2
7652	9.2
7653	9.3
7654	8.9
7655	8.4
7656	8.5
7657	9.2
7658	9.3
7659	8.8
7660	8.7
7661	8.5
7662	7.9
7663	7.9
7664	8
7665	8.5
7666	8.8
7667	9.3
7668	9.2
7669	9.1
7670	8.1
7671	6.9
7672	6.5
7673	6.5
7674	6.5
7675	6.4
7676	6.4
7677	5.9
7678	5.4
7679	5.5
7680	5.5
7681	5.5
7682	5.4
7683	5.3
7684	5.6
7685	5.8
7686	6.1
7687	6.3
7688	6.5
7689	6.9
7690	6.9
7691	7.2
7692	7.25
7693	7.3
7694	6.8
7695	6.4
7696	5.9
7697	5.7
7698	5.6
7699	5.3
7700	5.2
7701	4.7
7702	4.6
7703	4.4
7704	4
7705	4.2
7706	3.6
7707	3.9
7708	4.1
7709	4.3
7710	4.8
7711	5.8
7712	6.1
7713	6.1
7714	6.1
7715	6.2
7716	6.2
7717	6.1
7718	5.5
7719	5.2
7720	4.6
7721	4
7722	4.1
7723	4.1
7724	4
7725	3.9
7726	3.6
7727	3.2
7728	3.1
7729	2.9
7730	2.7
7731	2.6
7732	2.5
7733	2.3
7734	2.2
7735	2
7736	2
7737	2.4
7738	2.5
7739	2.7
7740	2.7
7741	2.8
7742	2.4
7743	1.9
7744	1.3
7745	1.2
7746	0.9
7747	1
7748	0.5
7749	0.4
7750	0.5
7751	0.5
7752	0.5
7753	0.7
7754	0.6
7755	0.3
7756	0.3
7757	0.5
7758	0.6
7759	0.5
7760	0.8
7761	1.8
7762	2.2
7763	2.5
7764	2.6
7765	2.5
7766	2.1
7767	2
7768	1.5
7769	0.6
7770	0.2
7771	-0.9
7772	-0.8
7773	-0.1
7774	0
7775	0
7776	0.1
7777	0.4
7778	0.5
7779	0.5
7780	0.6
7781	0.8
7782	1.4
7783	2.1
7784	2.6
7785	2.5
7786	2.7
7787	2.9
7788	2.7
7789	2.3
7790	2.1
7791	1.7
7792	1.5
7793	1.4
7794	1.4
7795	1.3
7796	1.2
7797	1.3
7798	1.4
7799	1.4
7800	0.8
7801	0.4
7802	0.6
7803	0
7804	-0.5
7805	-0.5
7806	-1.1
7807	-1.2
7808	-1.1
7809	-1.3
7810	-1.3
7811	-1
7812	-1.3
7813	-1.1
7814	-1.2
7815	-1
7816	-1
7817	-1.3
7818	-1.4
7819	-1.4
7820	-1.8
7821	-1.8
7822	-1.7
7823	-2.1
7824	-2.2
7825	-2.9
7826	-3
7827	-2.7
7828	-2.8
7829	-2.7
7830	-2.7
7831	-3.3
7832	-3.6
7833	-3.7
7834	-3.5
7835	-3.3
7836	-2.8
7837	-2.5
7838	-2.2
7839	-1.9
7840	-1.5
7841	-1.8
7842	-2.2
7843	-2.6
7844	-3.1
7845	-3.2
7846	-3.1
7847	-2.9
7848	-3.1
7849	-2.7
7850	-2.8
7851	-2.6
7852	-2.9
7853	-2.6
7854	-2.2
7855	-1.8
7856	-1.8
7857	-1.7
7858	-1.7
7859	-0.8
7860	0.2
7861	0.4
7862	0.2
7863	-0.5
7864	-0.8
7865	-0.9
7866	-0.5
7867	-0.3
7868	0.2
7869	-0.3
7870	-1
7871	-1.1
7872	-0.8
7873	-0.9
7874	-0.8
7875	-1.4
7876	-1.6
7877	-2
7878	-2.4
7879	-2.6
7880	-2.7
7881	-2.5
7882	-1.4
7883	-1
7884	-0.6
7885	-0.5
7886	-1.1
7887	-1.3
7888	-1.6
7889	-1.5
7890	-1.6
7891	-1.7
7892	-1.3
7893	-1.3
7894	-0.5
7895	0.2
7896	0.4
7897	0.6
7898	0.6
7899	0.6
7900	0.8
7901	1
7902	1
7903	1
7904	0.7
7905	0.9
7906	1.4
7907	1.2
7908	1.3
7909	1.4
7910	0.9
7911	0.4
7912	0.1
7913	-0.4
7914	-0.8
7915	-1.3
7916	-1.5
7917	-1.5
7918	-1.9
7919	-1.6
7920	-2
7921	-2.3
7922	-2.5
7923	-2.7
7924	-3.1
7925	-3.2
7926	-3.8
7927	-4.2
7928	-4.2
7929	-3.9
7930	-2.7
7931	-1.8
7932	-1.8
7933	-1.8
7934	-2.2
7935	-2.9
7936	-3.1
7937	-3.6
7938	-3.8
7939	-4
7940	-4.1
7941	-4.1
7942	-4.5
7943	-4.6
7944	-4.7
7945	-4.9
7946	-4.9
7947	-4.6
7948	-4.5
7949	-4.2
7950	-4.1
7951	-5.1
7952	-4.8
7953	-4.1
7954	-3.8
7955	-2
7956	-1.8
7957	-1.4
7958	-1.4
7959	-1.7
7960	-1.4
7961	-0.8
7962	-0.2
7963	-0.7
7964	-0.6
7965	-0.2
7966	0.6
7967	1
7968	1.1
7969	1.9
7970	2.4
7971	2.8
7972	3
7973	2.8
7974	2.9
7975	3
7976	3.1
7977	3.3
7978	3.4
7979	3.4
7980	3.3
7981	3.2
7982	2.8
7983	2.9
7984	3.2
7985	2.7
7986	2.2
7987	2.3
7988	2.5
7989	2.7
7990	2.9
7991	3.2
7992	3.2
7993	3.5
7994	3.5
7995	3.4
7996	3.5
7997	3.5
7998	3.7
7999	3.6
8000	3.6
8001	3.4
8002	3.4
8003	3.5
8004	3.5
8005	3.6
8006	3.5
8007	3.5
8008	3.5
8009	3.6
8010	3.5
8011	3.4
8012	3.4
8013	3.4
8014	3.1
8015	2.9
8016	3
8017	2.8
8018	2.9
8019	2.1
8020	2.3
8021	2
8022	2.2
8023	2.4
8024	2.1
8025	2
8026	2.1
8027	1.9
8028	2
8029	2.4
8030	2.7
8031	2.7
8032	2.9
8033	3.2
8034	3.5
8035	3.6
8036	3.8
8037	3.9
8038	3.9
8039	3.9
8040	4.1
8041	4.3
8042	4.4
8043	4.6
8044	4.4
8045	4.1
8046	4.1
8047	4
8048	3.8
8049	4.1
8050	4.4
8051	4.4
8052	4.8
8053	4.7
8054	5.3
8055	5.5
8056	5.5
8057	5.5
8058	5.5
8059	5.7
8060	5.8
8061	5.6
8062	5.4
8063	5.2
8064	5
8065	5
8066	5.1
8067	4.9
8068	4.7
8069	4.8
8070	4.8
8071	4.9
8072	5
8073	5
8074	5.1
8075	5.1
8076	5.2
8077	5.4
8078	5.4
8079	5.5
8080	5.8
8081	6
8082	6.1
8083	6.4
8084	6.6
8085	6.9
8086	6.9
8087	6.9
8088	7
8089	6.9
8090	6.9
8091	6.9
8092	6.9
8093	6.5
8094	5.8
8095	5.4
8096	5.5
8097	5.7
8098	6.1
8099	5.9
8100	5.5
8101	5.1
8102	4.6
8103	4.2
8104	3.5
8105	3.7
8106	2.4
8107	0.8
8108	2.2
8109	2.4
8110	3.3
8111	2.8
8112	2.1
8113	1.7
8114	1.3
8115	1.1
8116	0.9
8117	0.6
8118	0.5
8119	0.4
8120	0.5
8121	0.4
8122	0.9
8123	1.1
8124	1.3
8125	1.4
8126	0.9
8127	0.3
8128	0.1
8129	-0.5
8130	-0.3
8131	-0.6
8132	-0.6
8133	-0.6
8134	-0.8
8135	-0.7
8136	-0.5
8137	-0.3
8138	-0.1
8139	0.4
8140	0.4
8141	0.8
8142	1.1
8143	1.4
8144	1.7
8145	2.2
8146	2.5
8147	2.3
8148	2.8
8149	2.8
8150	2.2
8151	1.2
8152	1.6
8153	1.6
8154	0.9
8155	1.1
8156	2
8157	2.9
8158	3.3
8159	3.4
8160	3.4
8161	3.6
8162	3.2
8163	2.6
8164	2.1
8165	2.2
8166	2.4
8167	2.6
8168	2.9
8169	3.6
8170	4.1
8171	3.9
8172	3.7
8173	3.2
8174	3.1
8175	3.1
8176	2.9
8177	2.7
8178	2.6
8179	2.9
8180	2.4
8181	2.5
8182	2.5
8183	2.8
8184	3.3
8185	4
8186	5
8187	5.6
8188	5.8
8189	6.1
8190	6.3
8191	6.6
8192	6.8
8193	6.7
8194	6.7
8195	5.6
8196	5.1
8197	5.1
8198	5.1
8199	5.3
8200	5.1
8201	4.7
8202	5.2
8203	5.1
8204	4.9
8205	4.2
8206	4.6
8207	5.3
8208	5.7
8209	5.9
8210	5.8
8211	5.7
8212	5.9
8213	6
8214	6
8215	6
8216	5.8
8217	5.7
8218	5.4
8219	5.5
8220	5.4
8221	5.6
8222	5.5
8223	5.2
8224	5.2
8225	5.2
8226	5.1
8227	4.8
8228	4.3
8229	3.6
8230	2.9
8231	2.3
8232	1.9
8233	1.6
8234	1.3
8235	1.2
8236	1.1
8237	0.7
8238	0.4
8239	0.2
8240	-0.3
8241	-0.5
8242	-0.5
8243	-0.2
8244	-0.3
8245	-0.1
8246	0
8247	0
8248	0.1
8249	0
8250	0.2
8251	0.3
8252	0.5
8253	1.4
8254	2.3
8255	2.7
8256	2.8
8257	2.9
8258	2.8
8259	2.3
8260	2.3
8261	2.7
8262	2.7
8263	2.8
8264	3
8265	3.2
8266	3.4
8267	3.5
8268	3.8
8269	3.8
8270	3.7
8271	3.6
8272	3.4
8273	3.4
8274	3.4
8275	3.4
8276	3.4
8277	3.3
8278	2.8
8279	2.4
8280	1.5
8281	1.4
8282	1
8283	0.3
8284	0.3
8285	0.2
8286	0.2
8287	0.2
8288	0
8289	0.2
8290	0.6
8291	1.2
8292	1.2
8293	0.9
8294	0.6
8295	0.6
8296	0.7
8297	0.9
8298	0.8
8299	0.8
8300	0.8
8301	0.6
8302	0.6
8303	0.4
8304	0.3
8305	0.3
8306	-0.1
8307	-0.3
8308	-0.3
8309	-0.2
8310	-0.2
8311	-0.1
8312	-0.1
8313	0
8314	0.1
8315	0.4
8316	0.3
8317	0.3
8318	0.2
8319	0.1
8320	-0.2
8321	-0.3
8322	-0.4
8323	-0.4
8324	-0.5
8325	-0.9
8326	-0.8
8327	-1
8328	-1.1
8329	-1
8330	-1.1
8331	-1.2
8332	-1.3
8333	-1.6
8334	-1.7
8335	-1.6
8336	-1.6
8337	-1.4
8338	-1.2
8339	-1.2
8340	-1
8341	-1.1
8342	-1.3
8343	-1.7
8344	-2.1
8345	-2.4
8346	-2.3
8347	-2.6
8348	-3.2
8349	-2.7
8350	-2.4
8351	-2.5
8352	-2.7
8353	-2.9
8354	-2.6
8355	-2.8
8356	-3
8357	-3.1
8358	-3.4
8359	-3.8
8360	-3.8
8361	-3.5
8362	-3.1
8363	-2.8
8364	-2.6
8365	-2.6
8366	-2.6
8367	-2.6
8368	-2.4
8369	-2.4
8370	-2.4
8371	-2.4
8372	-1.8
8373	-1.3
8374	-1
8375	-0.8
8376	-0.3
8377	0.5
8378	0.7
8379	0.8
8380	0.9
8381	0.6
8382	0.3
8383	0.4
8384	0.4
8385	0.6
8386	0.4
8387	0.8
8388	0.4
8389	0.6
8390	0.6
8391	0.6
8392	0.4
8393	0
8394	0.1
8395	0
8396	-0.1
8397	-0.3
8398	-0.2
8399	-0.1
8400	-0.1
8401	0
8402	-0.2
8403	-0.1
8404	-1.8
8405	-0.6
8406	-0.6
8407	-0.4
8408	-0.2
8409	-0.4
8410	-0.8
8411	-0.6
8412	-0.5
8413	-0.8
8414	-1.7
8415	-1.4
8416	-1.6
8417	-1.5
8418	-1.3
8419	-1
8420	-0.9
8421	-0.7
8422	-0.6
8423	-0.6
8424	-0.6
8425	-0.7
8426	-0.6
8427	-0.7
8428	-0.9
8429	-1.4
8430	-1.7
8431	-1.5
8432	-1.4
8433	-1
8434	-0.3
8435	0
8436	0.2
8437	0.2
8438	-0.1
8439	0
8440	0.2
8441	0.2
8442	0.1
8443	0
8444	-0.4
8445	-0.6
8446	-1
8447	-1.5
8448	-1.2
8449	-1.5
8450	-0.8
8451	-1
8452	-0.5
8453	-0.1
8454	0.2
8455	0.7
8456	1.3
8457	1.5
8458	1.7
8459	2.1
8460	2.2
8461	1.3
8462	1.9
8463	1.8
8464	1.8
8465	1.9
8466	2.2
8467	2.3
8468	2.4
8469	2.7
8470	2.5
8471	2.3
8472	2.3
8473	2.6
8474	2.5
8475	2.2
8476	1.9
8477	1.4
8478	1.3
8479	0.9
8480	1
8481	0.8
8482	0.7
8483	0.5
8484	0.4
8485	0.5
8486	0.4
8487	0.3
8488	0.1
8489	0.3
8490	0.3
8491	0.1
8492	0
8493	-0.3
8494	-0.3
8495	-0.4
8496	-0.5
8497	-0.6
8498	-0.7
8499	-0.9
8500	-1
8501	-1.1
8502	-1.2
8503	-1.3
8504	-1.6
8505	-1.5
8506	-1.6
8507	-1.7
8508	-1.7
8509	-1.5
8510	-1.6
8511	-1.4
8512	-1.5
8513	-1.6
8514	-1.9
8515	-1.9
8516	-1.9
8517	-2
8518	-2.2
8519	-2.1
8520	-2.1
8521	-2.1
8522	-1.9
8523	-1.8
8524	-1.6
8525	-1.6
8526	-1.7
8527	-1.7
8528	-1.7
8529	-1.7
8530	-1.9
8531	-1.9
8532	-2.1
8533	-2.5
8534	-2.5
8535	-2.3
8536	-2.7
8537	-2.8
8538	-2.9
8539	-3
8540	-4
8541	-4
8542	-4.2
8543	-4.3
8544	-4.3
8545	-4.2
8546	-4.5
8547	-4.6
8548	-4.7
8549	-5.1
8550	-5
8551	-5
8552	-5.1
8553	-5
8554	-5.1
8555	-5
8556	-4.9
8557	-5
8558	-5
8559	-5
8560	-4.9
8561	-4.9
8562	-4.8
8563	-4.7
8564	-4.6
8565	-4.6
8566	-4.4
8567	-4.4
8568	-4.6
8569	-4.6
8570	-4.6
8571	-4.7
8572	-4.8
8573	-4.6
8574	-4.5
8575	-4.1
8576	-4.1
8577	-4.7
8578	-5.8
8579	-6.4
8580	-6.3
8581	-6.9
8582	-7.3
8583	-7.3
8584	-7.2
8585	-6.6
8586	-6.2
8587	-5.5
8588	-5.2
8589	-4.4
8590	-4
8591	-3.2
8592	-2.5
8593	-1.8
8594	-1.2
8595	-0.6
8596	-0.4
8597	-0.4
8598	0.1
8599	0.3
8600	0.4
8601	0.6
8602	1.1
8603	1.8
8604	2.5
8605	3.2
8606	3
8607	2.2
8608	2.6
8609	3.9
8610	3.7
8611	3.7
8612	2.7
8613	3
8614	2.9
8615	3.1
8616	3.5
8617	5
8618	4.7
8619	4.3
8620	4.1
8621	3.7
8622	3.4
8623	3.1
8624	2.9
8625	2.7
8626	2.9
8627	3.3
8628	3.4
8629	3.8
8630	3.4
8631	2.8
8632	2.4
8633	2.8
8634	3
8635	2.8
8636	3.1
8637	3
8638	2.7
8639	2.8
8640	2.6
8641	2.4
8642	2.2
8643	1.6
8644	1.2
8645	0.8
8646	0.7
8647	0.8
8648	0.5
8649	0.6
8650	0.9
8651	1.2
8652	1.2
8653	1.3
8654	1.1
8655	1.3
8656	0.1
8657	1.2
8658	1.8
8659	1.2
8660	0.3
8661	1
8662	0.7
8663	0.5
8664	0.3
8665	0.4
8666	0.1
8667	0
8668	0.4
8669	0.8
8670	0.8
8671	0.5
8672	0.6
8673	0.3
8674	1.3
8675	1.8
8676	2.2
8677	1.8
8678	1.2
8679	0.6
8680	0.1
8681	0
8682	-0.2
8683	-0.3
8684	-0.8
8685	-1
8686	-1.2
8687	-1.3
8688	-1.5
8689	-1.7
8690	-2.6
8691	-2.6
8692	-2.3
8693	-1.7
8694	-1.3
8695	-0.8
8696	-0.5
8697	-0.1
8698	0.3
8699	0.4
8700	0.4
8701	0.1
8702	-0.2
8703	-0.3
8704	-0.3
8705	-0.4
8706	-0.6
8707	-0.5
8708	-0.9
8709	-1
8710	-1.1
8711	-1.1
8712	-1.1
8713	-1.1
8714	-1
8715	-1.1
8716	-0.6
8717	-0.2
8718	-0.5
8719	-0.6
8720	-0.3
8721	-0.2
8722	0
8723	0.3
8724	0.5
8725	0.3
8726	0.4
8727	0.2
8728	0.5
8729	0.6
8730	0.6
8731	0.6
8732	0.5
8733	0.4
8734	0.2
8735	-0.2
8736	-0.2
8737	-0.2
8738	-0.2
8739	-0.2
8740	-0.2
8741	-0.2
8742	-0.2
8743	-0.2
8744	-0.2
8745	-0.2
8746	-0.2
8747	-0.2
8748	-0.2
8749	-0.2
8750	-0.2
8751	-0.2
8752	-0.2
8753	-0.2
8754	-0.2
8755	-0.2
8756	-0.2
8757	-0.2
8758	-0.2
8759	-0.2
